System Replica Z Radius.Max Radius.Min Radius.FrameCount Radius.StdDev Radius.Mean Radius_p1std Radius_m1std Radius_p2std Radius_m2std offZ
nolig_neg200mV 1us -5.28874 20.0 20.0 496.0 0.0 20.0 20.0 20.0 20.0 20.0 -89.28874
nolig_neg200mV 1us -4.286116011904761 20.0 20.0 496.0 0.0 20.0 20.0 20.0 20.0 20.0 -88.28611601190477
nolig_neg200mV 1us -3.283492023809524 20.0 20.0 496.0 0.0 20.0 20.0 20.0 20.0 20.0 -87.28349202380953
nolig_neg200mV 1us -2.280868035714286 20.0 20.0 496.0 0.0 20.0 20.0 20.0 20.0 20.0 -86.28086803571429
nolig_neg200mV 1us -1.2782440476190482 20.0 20.0 496.0 0.0 20.0 20.0 20.0 20.0 20.0 -85.27824404761905
nolig_neg200mV 1us -0.27562005952381075 20.0 20.0 496.0 0.0 20.0 20.0 20.0 20.0 20.0 -84.27562005952382
nolig_neg200mV 1us 0.7270039285714276 20.0 20.0 496.0 0.0 20.0 20.0 20.0 20.0 20.0 -83.27299607142857
nolig_neg200mV 1us 1.729627916666666 20.0 20.0 496.0 0.0 20.0 20.0 20.0 20.0 20.0 -82.27037208333333
nolig_neg200mV 1us 2.7322519047619034 20.0 20.0 496.0 0.0 20.0 20.0 20.0 20.0 20.0 -81.26774809523809
nolig_neg200mV 1us 3.734875892857141 20.0 20.0 496.0 0.0 20.0 20.0 20.0 20.0 20.0 -80.26512410714285
nolig_neg200mV 1us 4.737499880952378 20.0 19.174787031904764 496.0 0.05979910251209447 19.983879651899528 20.043678754411623 19.924080549387433 20.103477856923718 19.86428144687534 -79.26250011904762
nolig_neg200mV 1us 5.7401238690476175 20.0 18.46308162331905 496.0 0.1172061612932877 19.960644136349647 20.077850297642936 19.843437975056357 20.19505645893622 19.72623181376307 -78.25987613095238
nolig_neg200mV 1us 6.742747857142855 20.0 17.788399212742856 496.0 0.18786139713057598 19.932055958371024 20.1199173555016 19.744194561240448 20.307778752632174 19.556333164109873 -77.25725214285714
nolig_neg200mV 1us 7.745371845238092 20.0 17.152330432719047 496.0 0.26913338761105654 19.89801729100328 20.167150678614338 19.628883903392225 20.436284066225394 19.35975051578117 -76.2546281547619
nolig_neg200mV 1us 8.74799583333333 20.0 16.56123186286667 496.0 0.35834128591223385 19.858723165871293 20.21706445178353 19.500381879959058 20.57540573769576 19.142040594046826 -75.25200416666667
nolig_neg200mV 1us 9.750619821428568 20.0 16.017018226785716 496.0 0.4452919658177187 19.815681457670212 20.260973423487933 19.370389491852492 20.70626538930565 18.925097526034776 -74.24938017857143
nolig_neg200mV 1us 10.753243809523806 20.0 15.529984194438097 496.0 0.5468817996865943 19.7708776261784 20.317759425864995 19.223995826491805 20.86464122555159 18.67711402680521 -73.24675619047619
nolig_neg200mV 1us 11.755867797619043 20.0 15.095806343166739 496.0 0.6395026078284057 19.7122737483304 20.351776356158805 19.072771140501995 20.991278963987213 18.433268532673587 -72.24413220238095
nolig_neg200mV 1us 12.75849178571428 20.0 14.722872480657145 496.0 0.7079604011676808 19.621248614562422 20.329209015730104 18.91328821339474 21.037169416897783 18.20532781222706 -71.24150821428572
nolig_neg200mV 1us 13.761115773809518 20.0 14.415295054585716 496.0 0.7647485963085661 19.52051207002068 20.285260666329243 18.755763473712115 21.05000926263781 17.991014877403547 -70.23888422619048
nolig_neg200mV 1us 14.763739761904755 20.0 14.179447307714288 496.0 0.8263172252135031 19.504715190030545 20.33103241524405 18.67839796481704 21.15734964045755 17.85208073960354 -69.23626023809524
nolig_neg200mV 1us 15.766363749999996 20.0 14.018813618400001 496.0 0.8786931548737983 19.512421419050348 20.391114573924146 18.63372826417655 21.269807728797943 17.755035109302753 -68.23363625
nolig_neg200mV 1us 16.768987738095234 20.0 13.931531238257143 496.0 0.8834929054993285 19.522775208063244 20.40626811356257 18.639282302563917 21.289761019061903 17.755789397064586 -67.23101226190477
nolig_neg200mV 1us 17.77161172619047 20.0 13.891883103709523 496.0 0.8523039287464368 19.54070183822092 20.393005766967356 18.68839790947448 21.245309695713793 17.836093980728045 -66.22838827380953
nolig_neg200mV 1us 18.77423571428571 20.0 13.920930346514286 496.0 0.8904064654822308 19.511645368865 20.40205183434723 18.62123890338277 21.292458299829462 17.73083243790054 -65.22576428571429
nolig_neg200mV 1us 19.776859702380946 20.0 13.986420709090476 496.0 0.8956845554599974 19.465197352683614 20.36088190814361 18.569512797223616 21.25656646360361 17.67382824176362 -64.22314029761905
nolig_neg200mV 1us 20.779483690476184 20.0 14.089877199561903 496.0 0.8717495160794435 19.44066979811954 20.312419314198983 18.568920282040096 21.184168830278427 17.697170765960653 -63.220516309523816
nolig_neg200mV 1us 21.78210767857142 20.0 14.260797077071425 496.0 0.8427177861291124 19.43365208408007 20.27636987020918 18.59093429795096 21.119087656338294 17.748216511821845 -62.21789232142858
nolig_neg200mV 1us 22.784731666666662 20.0 14.506623483199999 496.0 0.7956198551024231 19.45163189134083 20.247251746443254 18.65601203623841 21.042871601545677 17.860392181135985 -61.21526833333334
nolig_neg200mV 1us 23.7873556547619 20.0 14.81854213183333 496.0 0.799224006572282 19.42099965059694 20.22022365716922 18.62177564402466 21.019447663741502 17.822551637452378 -60.212644345238104
nolig_neg200mV 1us 24.789979642857137 19.992475930077244 14.98252668122857 496.0 0.8733729483111855 19.29955910467367 20.172932052984855 18.426186156362483 21.04630500129604 17.552813208051298 -59.21002035714287
nolig_neg200mV 1us 25.792603630952375 19.987005727800415 14.995883449590474 496.0 0.9151382826519121 19.19453237741599 20.109670660067902 18.279394094764076 21.02480894271981 17.364255812112166 -58.20739636904763
nolig_neg200mV 1us 26.795227619047612 19.988696220822668 14.98162735085715 496.0 0.9759529138854092 19.057448796526153 20.03340171041156 18.081495882640745 21.00935462429697 17.105542968755334 -57.20477238095239
nolig_neg200mV 1us 27.79785160714285 19.970439788170964 14.311931469714288 496.0 1.0734567016046277 18.900077862781632 19.97353456438626 17.826621161177005 21.046991265990886 16.75316445957238 -56.202148392857154
nolig_neg200mV 1us 28.800475595238087 19.97758790682844 13.954286800714286 496.0 1.212087488601724 18.70209741097565 19.914184899577375 17.490009922373925 21.1262723881791 16.2779224337722 -55.19952440476192
nolig_neg200mV 1us 29.803099583333324 19.971032727768648 13.253570317200003 496.0 1.3514287159135183 18.394625805543495 19.746054521457012 17.043197089629977 21.097483237370533 15.691768373716458 -54.19690041666668
nolig_neg200mV 1us 30.80572357142856 19.939224869771436 12.63114838828572 496.0 1.4396170750417905 17.904845593013242 19.344462668055034 16.46522851797145 20.78407974309682 15.02561144292966 -53.19427642857144
nolig_neg200mV 1us 31.8083475595238 19.88209061307144 12.113735301076193 496.0 1.4394609535481409 17.317449952426806 18.756910905974948 15.877988998878665 20.196371859523087 14.438528045330525 -52.191652440476204
nolig_neg200mV 1us 32.81097154761904 19.540198043371436 11.558739551161906 496.0 1.396001605595029 16.675813580044263 18.07181518563929 15.279811974449235 19.46781679123432 13.883810368854204 -51.18902845238096
nolig_neg200mV 1us 33.81359553571428 18.762634091357143 10.98890461035715 496.0 1.3421420180423786 16.030441612369142 17.37258363041152 14.688299594326763 18.7147256484539 13.346157576284384 -50.18640446428572
nolig_neg200mV 1us 34.816219523809515 18.78647015817143 10.4003889616381 496.0 1.2887036722774179 15.388048022420152 16.676751694697572 14.099344350142735 17.96545536697499 12.810640677865317 -49.183780476190485
nolig_neg200mV 1us 35.81884351190476 18.647624791114286 9.875291481242858 496.0 1.2460618800502468 14.747217944553675 15.993279824603922 13.501156064503428 17.23934170465417 12.255094184453181 -48.18115648809524
nolig_neg200mV 1us 36.8214675 18.1300311364 9.423080058200002 496.0 1.2022682039284722 14.119403893317346 15.321672097245818 12.917135689388873 16.52394030117429 11.7148674854604 -47.1785325
nolig_neg200mV 1us 37.824091488095235 17.44318205029048 9.049280612180954 496.0 1.161303290006072 13.511585379270104 14.672888669276176 12.35028208926403 15.834191959282247 11.18897879925796 -46.175908511904765
nolig_neg200mV 1us 38.82671547619047 16.687452153333336 8.726602073333334 496.0 1.1313427725810028 12.922669889578419 14.054012662159423 11.791327116997415 15.185355434740424 10.659984344416413 -45.17328452380953
nolig_neg200mV 1us 39.82933946428571 15.884192611714289 8.4661828851 496.0 1.0950031645637037 12.360199955514826 13.45520312007853 11.265196790951123 14.550206284642233 10.17019362638742 -44.17066053571429
nolig_neg200mV 1us 40.83196345238095 15.174845763980954 8.293467600914287 496.0 1.065526768801288 11.820846676189426 12.886373444990713 10.755319907388138 13.951900213792001 9.68979313858685 -43.16803654761905
nolig_neg200mV 1us 41.834587440476184 14.484582527209527 8.072416439590477 496.0 1.03767872496992 11.301729148065917 12.339407873035837 10.264050423095997 13.377086598005757 9.226371698126076 -42.165412559523816
nolig_neg200mV 1us 42.83721142857142 13.82914060091429 7.179659790857147 496.0 1.0055168446636802 10.811306561694257 11.816823406357937 9.805789717030578 12.822340251021618 8.800272872366897 -41.16278857142858
nolig_neg200mV 1us 43.83983541666666 13.221845436666671 7.069347483366666 496.0 0.970617015836969 10.352197505429242 11.322814521266212 9.381580489592272 12.29343153710318 8.410963473755304 -40.16016458333334
nolig_neg200mV 1us 44.8424594047619 12.66043743176191 7.115787437571432 496.0 0.933368280115931 9.930237941990109 10.86360622210604 8.996869661874179 11.796974502221971 8.063501381758247 -39.1575405952381
nolig_neg200mV 1us 45.845083392857134 12.12445212458572 6.759995979928574 496.0 0.8933515419157007 9.550709956692812 10.444061498608512 8.65735841477711 11.337413040524213 7.76400687286141 -38.154916607142866
nolig_neg200mV 1us 46.84770738095237 11.655018078952384 6.391990772666668 496.0 0.8563105596051648 9.212849237907148 10.069159797512313 8.356538678301984 10.925470357117478 7.500228118696819 -37.15229261904763
nolig_neg200mV 1us 47.85033136904761 11.249655642971433 6.141514268976192 496.0 0.8198988581041912 8.928998430011989 9.74889728811618 8.109099571907798 10.568796146220372 7.289200713803607 -36.14966863095239
nolig_neg200mV 1us 48.85295535714285 10.931511989800004 5.9271561881714305 496.0 0.7949240884872494 8.687537082658059 9.482461171145308 7.892612994170809 10.277385259632558 7.09768890568356 -35.14704464285715
nolig_neg200mV 1us 49.855579345238084 10.582685969095243 5.860362511247619 496.0 0.7715534559707333 8.497898195895855 9.26945165186659 7.726344739925122 10.041005107837321 6.954791283954389 -34.144420654761916
nolig_neg200mV 1us 50.85820333333333 10.22188872026667 5.823485277333334 496.0 0.7527438281898251 8.361286975640857 9.114030803830682 7.608543147451032 9.866774632020507 6.855799319261207 -33.14179666666667
nolig_neg200mV 1us 51.860827321428566 10.084243473214286 5.048497681528572 496.0 0.7571247990373402 8.273498847932744 9.030623646970085 7.516374048895404 9.787748446007425 6.759249249858064 -32.139172678571434
nolig_neg200mV 1us 52.8634513095238 10.066875277457143 4.2621967473333315 496.0 0.7766275388022874 8.229779460631244 9.006406999433532 7.453151921828956 9.78303453823582 6.676524383026669 -31.136548690476197
nolig_neg200mV 1us 53.86607529761904 10.067854060133334 4.7949335876619 496.0 0.7800707016062957 8.219570225946637 8.999640927552932 7.439499524340341 9.779711629159229 6.6594288227340455 -30.13392470238096
nolig_neg200mV 1us 54.86869928571428 10.13095025805714 5.381484738685712 496.0 0.7891609708955342 8.242837564757718 9.031998535653251 7.453676593862183 9.821159506548787 6.66451562296665 -29.13130071428572
nolig_neg200mV 1us 55.871323273809516 10.36633693397619 5.220691571904762 496.0 0.8014804497666195 8.305951228882513 9.107431678649133 7.504470779115894 9.908912128415752 6.702990329349275 -28.128676726190484
nolig_neg200mV 1us 56.87394726190475 10.755551751523807 5.233239545971431 496.0 0.819939217162835 8.425079728850696 9.24501894601353 7.6051405116878605 10.064958163176366 6.7852012945250255 -27.126052738095247
nolig_neg200mV 1us 57.87657124999999 10.986001304499998 5.194098404500001 496.0 0.832645853073154 8.607235005045979 9.439880858119134 7.774589151972825 10.272526711192286 6.941943298899671 -26.12342875000001
nolig_neg200mV 1us 58.87919523809523 11.071933791657138 5.3272142497523784 496.0 0.8473914014160342 8.84348547406413 9.690876875480164 7.996094072648095 10.538268276896197 7.148702671232061 -25.120804761904772
nolig_neg200mV 1us 59.881819226190466 11.245617198499996 5.5942451455952344 496.0 0.8527250223714427 9.108005395215839 9.960730417587282 8.255280372844396 10.813455439958725 7.402555350472953 -24.118180773809534
nolig_neg200mV 1us 60.8844432142857 11.475701487599995 5.851601094228571 496.0 0.8450371192524965 9.372638858906791 10.217675978159289 8.527601739654294 11.062713097411784 7.6825646204017985 -23.115556785714297
nolig_neg200mV 1us 61.88706720238094 11.45933230619524 5.8063495133666665 496.0 0.828804476973652 9.602334658272243 10.431139135245894 8.773530181298591 11.259943612219548 7.944725704324939 -22.11293279761906
nolig_neg200mV 1us 62.88969119047618 11.523083161295236 5.968228855009523 496.0 0.804124584093007 9.78863186564174 10.592756449734747 8.984507281548733 11.396881033827754 8.180382697455727 -21.110308809523822
nolig_neg200mV 1us 63.892315178571415 11.57993766487143 6.322658100599997 496.0 0.7911014665393651 9.904217474285112 10.695318940824476 9.113116007745747 11.486420407363841 8.322014541206382 -20.107684821428585
nolig_neg200mV 1us 64.89493916666665 11.54404048166667 6.753808456666662 496.0 0.7732883124499934 9.946946460706446 10.72023477315644 9.173658148256452 11.493523085606434 8.400369835806458 -19.105060833333354
nolig_neg200mV 1us 65.89756315476188 11.319160169071436 6.387537318761903 496.0 0.7822477872146844 9.922622708952956 10.70487049616764 9.140374921738271 11.487118283382324 8.358127134523587 -18.102436845238117
nolig_neg200mV 1us 66.90018714285712 11.1273554936 6.296237503314286 496.0 0.8072063659953335 9.802099992230186 10.60930635822552 8.994893626234852 11.416512724220853 8.18768726023952 -17.09981285714288
nolig_neg200mV 1us 67.90281113095236 11.126292275547621 6.0692791426666695 496.0 0.8340571927572429 9.600943922882356 10.435001115639599 8.766886730125114 11.269058308396842 7.932829537367871 -16.097188869047642
nolig_neg200mV 1us 68.9054351190476 11.034926888857136 5.920138796723811 496.0 0.8381806138728188 9.34356175485313 10.18174236872595 8.505381140980312 11.019922982598768 7.667200527107493 -15.094564880952404
nolig_neg200mV 1us 69.90805910714283 11.140486577100003 5.389999064714296 496.0 0.8337180473874826 9.079983466069221 9.913701513456704 8.246265418681737 10.747419560844186 7.412547371294256 -14.091940892857167
nolig_neg200mV 1us 70.91068309523807 10.762834280514287 4.957506019047621 496.0 0.8224464272556633 8.827103286086176 9.64954971334184 8.004656858830513 10.471996140597502 7.18221043157485 -13.08931690476193
nolig_neg200mV 1us 71.91330708333331 10.42698332840001 4.312807690300001 496.0 0.812652521001329 8.595599696470776 9.408252217472105 7.782947175469447 10.220904738473434 6.970294654468118 -12.086692916666692
nolig_neg200mV 1us 72.91593107142855 10.032743767857152 3.7712788720857158 496.0 0.8205683734368737 8.378866824980653 9.199435198417527 7.558298451543779 10.020003571854401 6.737730078106906 -11.084068928571455
nolig_neg200mV 1us 73.91855505952378 9.700661379100008 3.4497044797142866 496.0 0.8420489971492617 8.167849566908165 9.009898564057426 7.325800569758903 9.85194756120669 6.483751572609641 -10.081444940476217
nolig_neg200mV 1us 74.92117904761902 9.549032967161908 3.446295039009523 496.0 0.8697951236295043 7.952224889647399 8.822020013276903 7.082429766017894 9.691815136906406 6.21263464238839 -9.07882095238098
nolig_neg200mV 1us 75.92380303571427 9.513815923814288 3.470178828071429 496.0 0.9042239941541894 7.744118050242025 8.648342044396214 6.839894056087836 9.552566038550404 5.935670061933646 -8.076196964285728
nolig_neg200mV 1us 76.92642702380951 9.280431632000017 3.3467082489523703 496.0 0.9588535017697218 7.550385660895907 8.50923916266563 6.591532159126185 9.468092664435352 5.632678657356464 -7.073572976190491
nolig_neg200mV 1us 77.92905101190475 9.018640705757148 3.753825735252383 496.0 0.9923254844698133 7.38034636041653 8.372671844886343 6.388020875946717 9.364997329356157 5.395695391476903 -6.070948988095253
nolig_neg200mV 1us 78.93167499999998 8.915758276000005 3.1310423920000074 496.0 1.0344338075722808 7.2248442664387085 8.25927807401099 6.1904104588664275 9.29371188158327 5.1559766512941465 -5.068325000000016
nolig_neg200mV 1us 79.93429898809522 8.812639276857148 2.8500554861904783 496.0 1.0563666224796258 7.096128827196533 8.15249544967616 6.039762204716907 9.208862072155785 4.983395582237281 -4.065701011904778
nolig_neg200mV 1us 80.93692297619046 8.803045831771431 2.790516290914285 496.0 1.0717505688010587 6.976069870944206 8.047820439745266 5.904319302143148 9.119571008546323 4.8325687333420895 -3.063077023809541
nolig_neg200mV 1us 81.9395469642857 8.667800468785712 2.961425990871426 496.0 1.0525629387756053 6.860243867929533 7.912806806705138 5.807680929153928 8.965369745480743 4.755117990378323 -2.0604530357143034
nolig_neg200mV 1us 82.94217095238093 8.691377450019056 3.1801751643428546 496.0 0.984250557729373 6.766156542657833 7.750407100387206 5.78190598492846 8.734657658116578 4.797655427199087 -1.057829047619066
nolig_neg200mV 1us 83.94479494047617 8.484720819361913 3.510404067423805 496.0 0.9219704363253923 6.68977769658319 7.611748132908582 5.767807260257797 8.533718569233974 4.845836823932405 -0.05520505952382848
nolig_neg200mV 1us 84.94741892857141 8.331281733514288 3.652495407428569 496.0 0.8669502276914618 6.633887337516932 7.5008375652083945 5.76693710982547 8.367787792899856 4.899986882134009 0.947418928571409
nolig_neg200mV 1us 85.95004291666665 8.180520139866681 3.92449164063333 496.0 0.8249367459335389 6.594869959498398 7.419806705431937 5.769933213564859 8.244743451365476 4.94499646763132 1.9500429166666464
nolig_neg200mV 1us 86.95266690476188 8.265702790399994 4.272071812114279 496.0 0.8100343791763919 6.598771944805194 7.408806323981586 5.788737565628803 8.218840703157978 4.97870318645241 2.952666904761884
nolig_neg200mV 1us 87.95529089285712 8.63690279607142 3.5152583139714197 496.0 0.8145675667146166 6.6401982309346765 7.454765797649293 5.82563066422006 8.26933336436391 5.011063097505444 3.9552908928571213
nolig_neg200mV 1us 88.95791488095236 8.88549629630476 3.896183317352374 496.0 0.842146533908541 6.729487713371428 7.571634247279969 5.887341179462887 8.41378078118851 5.045194645554346 4.957914880952359
nolig_neg200mV 1us 89.9605388690476 8.927335601399996 4.213621003795234 496.0 0.8747951003924925 6.881139737064611 7.7559348374571035 6.006344636672119 8.630729937849596 5.131549536279627 5.960538869047596
nolig_neg200mV 1us 90.96316285714283 9.038586098057145 4.348940013714293 496.0 0.8968692490963813 7.089952970777182 7.986822219873563 6.1930837216808 8.883691468969944 5.296214472584419 6.963162857142834
nolig_neg200mV 1us 91.96578684523807 9.274320714699991 4.262392037314285 496.0 0.9199468302645037 7.328239943117803 8.248186773382308 6.4082931128533 9.168133603646812 5.488346282588796 7.965786845238071
nolig_neg200mV 1us 92.96841083333331 9.690371796266659 4.400860944266659 496.0 0.934737485828085 7.580597427332915 8.515334913161 6.645859941504829 9.450072398989086 5.711122455676745 8.968410833333309
nolig_neg200mV 1us 93.97103482142855 9.656967936814294 4.67859109772856 496.0 0.9169810507408939 7.827557665135794 8.744538715876688 6.9105766143949 9.661519766617582 5.993595563654006 9.971034821428546
nolig_neg200mV 1us 94.97365880952378 9.678601860304763 4.908721921485711 496.0 0.8856075698809125 8.044761643052416 8.930369212933329 7.1591540731715035 9.815976782814241 6.273546503290591 10.973658809523783
nolig_neg200mV 1us 95.97628279761902 9.786455146404759 5.165102288785707 496.0 0.84287592441955 8.215095164547435 9.057971088966985 7.372219240127885 9.900847013386535 6.529343315708335 11.976282797619021
nolig_neg200mV 1us 96.97890678571426 9.968039661657132 5.467919241257132 496.0 0.7823113094551274 8.31575206563853 9.098063375093659 7.533440756183404 9.880374684548785 6.751129446728276 12.978906785714258
nolig_neg200mV 1us 97.9815307738095 9.733960143600008 5.474987998428574 496.0 0.7208193076221212 8.33063035315944 9.05144966078156 7.609811045537319 9.772268968403683 6.888991737915198 13.981530773809496
nolig_neg200mV 1us 98.98415476190473 9.655947425066673 5.451726523047617 496.0 0.6687629867190333 8.271246572029266 8.940009558748299 7.602483585310233 9.608772545467334 6.9337205985912 14.984154761904733
nolig_neg200mV 1us 99.98677874999997 9.628548439 5.469416463800005 496.0 0.6286039047677071 8.194572093715529 8.823175998483237 7.565968188947822 9.451779903250943 6.937364284180115 15.98677874999997
nolig_neg200mV 1us 100.98940273809521 9.58050407109524 5.186148652533346 496.0 0.5951983024779831 8.135961833001351 8.731160135479335 7.5407635305233685 9.326358437957317 6.9455652280453855 16.989402738095208
nolig_neg200mV 1us 101.99202672619045 9.477457267252383 4.626910687928586 496.0 0.5662859987536958 8.117306524074028 8.683592522827723 7.551020525320332 9.249878521581419 6.984734526566636 17.992026726190446
nolig_neg200mV 1us 102.99465071428568 9.433793456628571 4.395709404571428 496.0 0.544342811147353 8.151099370795501 8.695442181942854 7.606756559648148 9.239784993090208 7.062413748500795 18.994650714285683
nolig_neg200mV 1us 103.99727470238092 9.394007497900002 4.990713906837972 496.0 0.5215195566215813 8.234530745209055 8.756050301830637 7.7130111885874735 9.277569858452217 7.191491631965892 19.99727470238092
nolig_neg200mV 1us 104.99989869047616 9.478063395285709 5.790542631638094 496.0 0.4991808090829677 8.372922734591414 8.872103543674381 7.873741925508447 9.37128435275735 7.374561116425479 20.999898690476158
nolig_neg200mV 1us 106.0025226785714 9.651487803457135 5.760534004642857 496.0 0.5094709375428327 8.550111271622923 9.059582209165756 8.04064033408009 9.569053146708589 7.5311693965372575 22.002522678571395
nolig_neg200mV 1us 107.00514666666665 9.997350146133332 5.913392284799994 496.0 0.5229785091207282 8.766425236742462 9.28940374586319 8.243446727621734 9.812382254983918 7.720468218501006 23.005146666666647
nolig_neg200mV 1us 108.00777065476188 10.272709819290464 6.475983668157136 496.0 0.5288033706506945 9.016403820703259 9.545207191353953 8.487600450052565 10.074010562004649 7.95879707940187 24.007770654761885
nolig_neg200mV 1us 109.01039464285712 10.553092469657143 6.778853023714275 496.0 0.5312104395230838 9.273810316102695 9.80502075562578 8.742599876579611 10.336231195148862 8.211389437056528 25.010394642857122
nolig_neg200mV 1us 110.01301863095236 10.781388424361902 7.1481334714761875 496.0 0.5247521849003652 9.49694336834596 10.021695553246325 8.972191183445595 10.546447738146691 8.447438998545229 26.01301863095236
nolig_neg200mV 1us 111.0156426190476 10.941209020514288 7.2673466356190595 496.0 0.5467321142021131 9.639479716800924 10.186211831003037 9.092747602598811 10.73294394520515 8.546015488396698 27.015642619047597
nolig_neg200mV 1us 112.01826660714283 11.07438710035713 6.679206148285729 496.0 0.6037426111171724 9.668346543289084 10.272089154406256 9.064603932171913 10.87583176552343 8.46086132105474 28.018266607142834
nolig_neg200mV 1us 113.02089059523807 11.065654624999993 6.080179860066681 496.0 0.6821708064956867 9.56739984374798 10.249570650243667 8.885229037252293 10.931741456739353 8.203058230756607 29.020890595238072
nolig_neg200mV 1us 114.02351458333331 11.213511975533319 5.581727371300012 496.0 0.7623540503637283 9.35638398313274 10.118738033496468 8.594029932769013 10.881092083860198 7.831675882405284 30.02351458333331
nolig_neg200mV 1us 115.02613857142855 11.179480446857154 5.170441759542868 496.0 0.8189878740480233 9.078468554639644 9.897456428687667 8.25948068059162 10.71644430273569 7.440492806543597 31.026138571428547
nolig_neg200mV 1us 116.02876255952378 10.832465206861912 4.791136711019056 496.0 0.8495304681802521 8.774242962148007 9.623773430328258 7.924712493967754 10.473303898508512 7.075182025787503 32.028762559523784
nolig_neg200mV 1us 117.03138654761902 10.582790154190482 4.5564062877142915 496.0 0.8761985053577414 8.470001000486047 9.346199505843789 7.593802495128306 10.222398011201529 6.717603989770564 33.03138654761902
nolig_neg200mV 1us 118.03401053571426 10.55789967297143 4.453158217657146 496.0 0.8909398771627447 8.194602752162066 9.085542629324811 7.303662874999321 9.976482506487555 6.4127229978365765 34.03401053571426
nolig_neg200mV 1us 119.0366345238095 10.213151512019055 4.099163723428578 496.0 0.9017848147215489 7.9534718775396005 8.855256692261149 7.0516870628180515 9.757041506982699 6.149902248096502 35.0366345238095
nolig_neg200mV 1us 120.03925851190473 9.986158620166675 3.71715604759527 496.0 0.9096615314496164 7.762422111664166 8.672083643113782 6.852760580214549 9.581745174563398 5.943099048764934 36.039258511904734
nolig_neg200mV 1us 121.04188249999997 10.445800228599985 4.4370225036 496.0 0.9047320994402055 7.6377033754334605 8.542435474873667 6.732971275993255 9.447167574313871 5.8282391765530495 37.04188249999997
nolig_neg200mV 1us 122.04450648809521 10.992978814547604 4.194131332619054 496.0 0.9077693299539782 7.590363026007117 8.498132355961095 6.682593696053139 9.405901685915074 5.7748243660991605 38.04450648809521
nolig_neg200mV 1us 123.04713047619045 11.588698205257126 3.9907472126857195 496.0 0.9153188089427611 7.633675375438711 8.548994184381472 6.718356566495951 9.464312993324233 5.80303775755319 39.047130476190446
nolig_neg200mV 1us 124.0497544642857 12.22573314649999 3.8522330269142864 496.0 0.9344074441206723 7.7557913956913245 8.690198839811996 6.8213839515706525 9.62460628393267 5.88697650744998 40.0497544642857
nolig_neg200mV 1us 125.05237845238092 12.907017109961885 3.9054671288571385 496.0 0.9537254983658547 7.961573140554542 8.915298638920397 7.007847642188687 9.869024137286251 6.054122143822832 41.05237845238092
nolig_neg200mV 1us 126.05500244047617 13.492689363180943 4.1765502005857105 496.0 0.9746097201471218 8.246584536263617 9.221194256410739 7.271974816116495 10.19580397655786 6.297365095969374 42.05500244047617
nolig_neg200mV 1us 127.0576264285714 14.09183130319998 4.444046417885707 496.0 1.0073653515019274 8.597405241009895 9.604770592511823 7.590039889507968 10.61213594401375 6.5826745380060405 43.057626428571396
nolig_neg200mV 1us 128.06025041666666 14.734489691133332 4.788551149633327 496.0 1.0376213649588395 9.010921161799457 10.048542526758297 7.973299796840617 11.086163891717137 6.935678431881778 44.06025041666666
nolig_neg200mV 1us 129.06287440476189 15.414166967142846 5.312554489857123 496.0 1.065844196270382 9.48204749010988 10.547891686380261 8.416203293839498 11.613735882650644 7.3503590975691155 45.062874404761885
nolig_neg200mV 1us 130.06549839285714 16.12866235195714 5.988244139757128 496.0 1.086972345930694 10.007570682535171 11.094543028465864 8.920598336604478 12.18151537439656 7.833625990673783 46.06549839285714
nolig_neg200mV 1us 131.06812238095236 16.873258591199985 6.712419635657117 496.0 1.1062606687206433 10.578302153623566 11.68456282234421 9.472041484902922 12.790823491064852 8.36578081618228 47.06812238095236
nolig_neg200mV 1us 132.0707463690476 17.644411247366666 7.4380185740333395 496.0 1.128837976839717 11.194683767136405 12.323521743976123 10.065845790296688 13.452359720815839 8.937007813456972 48.07074636904761
nolig_neg200mV 1us 133.07337035714284 18.438688967142838 8.146160973428566 496.0 1.1572392805623914 11.847534904911619 13.00477418547401 10.690295624349227 14.162013466036402 9.533056343786836 49.073370357142835
nolig_neg200mV 1us 134.0759943452381 19.253342951785708 8.76974806901427 496.0 1.180879813256842 12.52054352207224 13.701423335329082 11.339663708815397 14.882303148585924 10.158783895558555 50.07599434523809
nolig_neg200mV 1us 135.0786183333333 20.0 9.513384328266634 496.0 1.2034255934420515 13.225434080992718 14.42885967443477 12.022008487550666 15.63228526787682 10.818582894108616 51.07861833333331
nolig_neg200mV 1us 136.08124232142856 20.0 9.94855548264285 496.0 1.2184741563081876 13.94809167135573 15.166565827663918 12.729617515047542 16.385039983972106 11.511143358739355 52.08124232142856
nolig_neg200mV 1us 137.08386630952378 20.0 10.66227457285713 496.0 1.2239975158320686 14.708948436951683 15.932945952783752 13.484950921119614 17.15694346861582 12.260953405287546 53.083866309523785
nolig_neg200mV 1us 138.08649029761904 20.0 11.475613976109525 496.0 1.2270770621894735 15.468254828159802 16.695331890349276 14.241177765970328 17.92240895253875 13.014100703780855 54.08649029761904
nolig_neg200mV 1us 139.08911428571426 20.0 12.250795511999986 496.0 1.2287211396034543 16.249497772280137 17.47821891188359 15.020776632676682 18.706940051487045 13.792055493073228 55.08911428571426
nolig_neg200mV 1us 140.0917382738095 20.0 13.147009339276194 496.0 1.2268383804004812 17.0078851140882 18.23472349448868 15.781046733687718 19.461561874889163 14.554208353287237 56.09173827380951
nolig_neg200mV 1us 141.09436226190473 20.0 13.83894143502856 496.0 1.1816608662719952 17.757847675180876 18.93950854145287 16.576186808908883 20.121169407724867 15.394525942636886 57.094362261904735
nolig_neg200mV 1us 142.09698625 20.0 14.254471022999992 496.0 1.0664806685702648 18.440820897895016 19.50730156646528 17.37434022932475 20.573782235035544 16.307859560754487 58.096986249999986
nolig_neg200mV 1us 143.0996102380952 20.0 14.76423960767617 496.0 0.9194690410555003 18.9839475050547 19.9034165461102 18.0644784639992 20.8228855871657 17.1450094229437 59.09961023809521
nolig_neg200mV 1us 144.10223422619046 20.0 15.263083369433323 496.0 0.7227667546569687 19.348687902652067 20.071454657309037 18.625921147995097 20.794221411966003 17.90315439333813 60.10223422619046
nolig_neg200mV 1us 145.10485821428568 20.0 15.789038389285695 496.0 0.5809611148686387 19.560904134523124 20.141865249391763 18.979943019654485 20.722826364260403 18.398981904785845 61.104858214285684
nolig_neg200mV 1us 146.10748220238094 20.0 16.387063533290462 496.0 0.46897747082632735 19.652332123768073 20.1213095945944 19.183354652941745 20.59028706542073 18.714377182115417 62.107482202380936
nolig_neg200mV 1us 147.11010619047616 20.0 16.695622731428585 496.0 0.42975963603051215 19.662478212913022 20.092237848943533 19.23271857688251 20.521997484974047 18.802958940851997 63.11010619047616
nolig_neg200mV 1us 148.1127301785714 20.0 16.340428870371436 496.0 0.4430854923374104 19.667025826041893 20.110111318379303 19.223940333704483 20.553196810716713 18.780854841367074 64.11273017857141
nolig_neg200mV 1us 149.11535416666663 20.0 16.005153578333346 496.0 0.47950257153111725 19.661270224360017 20.140772795891134 19.1817676528289 20.620275367422252 18.70226508129778 65.11535416666663
nolig_neg200mV 1us 150.1179781547619 20.0 15.792715208000004 496.0 0.5187485702060116 19.645836062486154 20.164584632692165 19.127087492280143 20.683333202898176 18.608338922074132 66.11797815476189
nolig_neg200mV 1us 151.1206021428571 20.0 15.718800435885715 496.0 0.5485073400549926 19.63465480340914 20.183162143464134 19.08614746335415 20.731669483519127 18.537640123299155 67.12060214285711
nolig_neg200mV 1us 152.12322613095236 20.0 15.788141544714284 496.0 0.5606462879453007 19.627954081893336 20.188600369838635 19.067307793948036 20.749246657783935 18.506661506002736 68.12322613095236
nolig_neg200mV 1us 153.12585011904758 20.0 15.981141882028561 496.0 0.5536112578955854 19.617980633045228 20.171591890940814 19.064369375149642 20.7252031488364 18.510758117254056 69.12585011904758
nolig_neg200mV 1us 154.12847410714284 20.0 16.30511151327139 496.0 0.5189039555780741 19.599343949693772 20.118247905271847 19.080439994115697 20.63715186084992 18.561536038537625 70.12847410714284
nolig_neg200mV 1us 155.13109809523806 20.0 16.75639001878093 496.0 0.48005137388807245 19.57744034799464 20.057491721882712 19.097388974106565 20.537543095770783 18.617337600218494 71.13109809523806
nolig_neg200mV 1us 156.1337220833333 20.0 17.01828300723333 496.0 0.46683389669639747 19.573824015113257 20.040657911809653 19.10699011841686 20.507491808506053 18.64015622172046 72.13372208333331
nolig_neg200mV 1us 157.13634607142856 20.0 17.112653232314283 496.0 0.4743514352951921 19.58922741268483 20.063578847980022 19.11487597738964 20.537930283275216 18.640524542094447 73.13634607142856
nolig_neg200mV 1us 158.13897005952379 20.0 17.252061830500036 496.0 0.5015771111381839 19.62628975489502 20.1278668660332 19.124712643756837 20.629443977171388 18.62313553261865 74.13897005952379
nolig_neg200mV 1us 159.14159404761904 20.0 17.399008546476193 496.0 0.47150544370979 19.787074012248517 20.25857945595831 19.315568568538726 20.730084899668096 18.84406312482894 75.14159404761904
nolig_neg200mV 1us 160.14421803571426 20.0 20.0 496.0 0.0 20.0 20.0 20.0 20.0 20.0 76.14421803571426
nolig_neg200mV 1us 161.1468420238095 20.0 20.0 496.0 0.0 20.0 20.0 20.0 20.0 20.0 77.14684202380951
nolig_neg200mV 1us 162.14946601190474 20.0 20.0 496.0 0.0 20.0 20.0 20.0 20.0 20.0 78.14946601190474
nolig_neg200mV 1us 163.15209 20.0 20.0 496.0 0.0 20.0 20.0 20.0 20.0 20.0 79.15208999999999
nolig_pos200mV 1us -5.28874 20.0 19.88574 532.0 0.004953799255891333 19.999785225563908 20.0047390248198 19.994831426308018 20.009692824075692 19.989877627052124 -89.28874
nolig_pos200mV 1us -4.286116011904761 20.0 19.306078887314282 532.0 0.04626891067389084 19.988034237502415 20.034303148176306 19.941765326828524 20.080572058850198 19.895496416154632 -88.28611601190477
nolig_pos200mV 1us -3.283492023809524 20.0 18.76562120460952 532.0 0.0878875810554233 19.972541682579344 20.060429263634767 19.88465410152392 20.14831684469019 19.7967665204685 -87.28349202380953
nolig_pos200mV 1us -2.280868035714286 20.0 18.26906055735714 532.0 0.13666604942521274 19.954498702283523 20.091164751708735 19.81783265285831 20.227830801133948 19.6811666034331 -86.28086803571429
nolig_pos200mV 1us -1.2782440476190482 20.0 17.820411930761907 532.0 0.19130897194004834 19.93314005256202 20.12444902450207 19.74183108062197 20.315757996442116 19.550522108681925 -85.27824404761905
nolig_pos200mV 1us -0.27562005952381075 20.0 17.42144483761905 532.0 0.2482625491432457 19.90963245998765 20.157895009130897 19.661369910844407 20.406157558274142 19.41310736170116 -84.27562005952382
nolig_pos200mV 1us 0.7270039285714276 20.0 17.076677700371427 532.0 0.3062055222801349 19.883454156906886 20.18965967918702 19.577248634626752 20.495865201467154 19.271043112346618 -83.27299607142857
nolig_pos200mV 1us 1.729627916666666 20.0 16.791573898566668 532.0 0.36228741179186674 19.856009278754556 20.218296690546424 19.493721866962687 20.58058410233829 19.131434455170822 -82.27037208333333
nolig_pos200mV 1us 2.7322519047619034 20.0 16.56963405470476 532.0 0.40786601771635234 19.827864903418735 20.235730921135087 19.419998885702384 20.64359693885144 19.01213286798603 -81.26774809523809
nolig_pos200mV 1us 3.734875892857141 20.0 16.409835864514285 532.0 0.4417717187732146 19.807177201902345 20.24894892067556 19.36540548312913 20.690720639448774 18.923633764355916 -80.26512410714285
nolig_pos200mV 1us 4.737499880952378 20.0 16.30799996742857 532.0 0.4670592696563534 19.785349649843692 20.252408919500045 19.31829038018734 20.719468189156398 18.851231110530986 -79.26250011904762
nolig_pos200mV 1us 5.7401238690476175 20.0 16.263855179119048 532.0 0.48635192910166863 19.763528213031204 20.249880142132874 19.277176283929535 20.736232071234543 18.790824354827866 -78.25987613095238
nolig_pos200mV 1us 6.742747857142855 20.0 16.130464041485713 532.0 0.5097338405763628 19.738706616236023 20.248440456812386 19.22897277565966 20.75817429738875 18.719238935083297 -77.25725214285714
nolig_pos200mV 1us 7.745371845238092 20.0 15.944428681109525 532.0 0.5460744444877451 19.712894768556293 20.258969213044036 19.16682032406855 20.805043657531783 18.620745879580802 -76.2546281547619
nolig_pos200mV 1us 8.74799583333333 20.0 15.825204032933335 532.0 0.5770409588789192 19.68819306967017 20.265234028549088 19.111152110791252 20.84227498742801 18.53411115191233 -75.25200416666667
nolig_pos200mV 1us 9.750619821428568 20.0 15.773787786357143 532.0 0.5802909953849089 19.67300542369297 20.25329641907788 19.09271442830806 20.833587414462787 18.512423432923153 -74.24938017857143
nolig_pos200mV 1us 10.753243809523806 20.0 15.786868647999999 532.0 0.5952141893652789 19.65604214670623 20.25125633607151 19.06082795734095 20.84647052543679 18.465613767975672 -73.24675619047619
nolig_pos200mV 1us 11.755867797619043 20.0 15.867619053885715 532.0 0.6119697966165795 19.63799320100218 20.24996299761876 19.026023404385597 20.861932794235337 18.41405360776902 -72.24413220238095
nolig_pos200mV 1us 12.75849178571428 20.0 16.01215426762857 532.0 0.6259414577262892 19.61858003793238 20.244521495658667 18.99263858020609 20.87046295338496 18.3666971224798 -71.24150821428572
nolig_pos200mV 1us 13.761115773809518 20.0 16.14920029598571 532.0 0.6361473743673444 19.59917131670619 20.235318691073534 18.963023942338847 20.871466065440877 18.326876567971503 -70.23888422619048
nolig_pos200mV 1us 14.763739761904755 20.0 16.220138436952382 532.0 0.6394276326853777 19.579491090898983 20.218918723584363 18.940063458213604 20.858346356269738 18.30063582552823 -69.23626023809524
nolig_pos200mV 1us 15.766363749999996 20.0 16.333195823 532.0 0.6384752330706644 19.557861710708398 20.196336943779063 18.919386477637733 20.834812176849727 18.28091124456707 -68.23363625
nolig_pos200mV 1us 16.768987738095234 20.0 16.452251347133334 532.0 0.6364948311856975 19.535038734858396 20.171533566044094 18.8985439036727 20.80802839722979 18.262049072487002 -67.23101226190477
nolig_pos200mV 1us 17.77161172619047 20.0 16.64285065552857 532.0 0.6377864951994654 19.51889375003097 20.156680245230433 18.881107254831505 20.7944667404299 18.243320759632038 -66.22838827380953
nolig_pos200mV 1us 18.77423571428571 20.0 16.895094434057143 532.0 0.6209358533029866 19.51896996275079 20.139905816053776 18.898034109447806 20.760841669356765 18.277098256144818 -65.22576428571429
nolig_pos200mV 1us 19.776859702380946 20.0 16.469756503761907 532.0 0.6480037769483257 19.508307455887213 20.156311232835538 18.860303678938887 20.804315009783863 18.212299901990562 -64.22314029761905
nolig_pos200mV 1us 20.779483690476184 20.0 16.028393755847624 532.0 0.7283350639357228 19.44953085864834 20.177865922584065 18.721195794712617 20.906200986519785 17.992860730776897 -63.220516309523816
nolig_pos200mV 1us 21.78210767857142 20.0 15.563394069271435 532.0 0.8214407618245693 19.35919308309848 20.180633844923047 18.53775232127391 21.002074606747616 17.71631155944934 -62.21789232142858
nolig_pos200mV 1us 22.784731666666662 20.0 14.80837947666667 532.0 0.9206322065613172 19.267167280599207 20.187799487160525 18.346535074037888 21.10843169372184 17.425902867476573 -61.21526833333334
nolig_pos200mV 1us 23.7873556547619 20.0 14.150591202728574 532.0 1.020666318229332 19.13822937919558 20.15889569742491 18.117563060966248 21.17956201565424 17.096896742736917 -60.212644345238104
nolig_pos200mV 1us 24.789979642857137 20.0 13.590594663285717 532.0 1.1123836873746629 18.984598552050482 20.096982239425145 17.87221486467582 21.20936592679981 16.759831177301155 -59.21002035714287
nolig_pos200mV 1us 25.792603630952375 20.0 13.164286104219048 532.0 1.255253102276425 18.763831413515543 20.019084515791967 17.50857831123912 21.274337618068394 16.253325208962693 -58.20739636904763
nolig_pos200mV 1us 26.795227619047612 20.0 12.79442695436191 532.0 1.333092903681319 18.56619185356751 19.89928475724883 17.23309894988619 21.232377660930148 15.900006046204872 -57.20477238095239
nolig_pos200mV 1us 27.79785160714285 20.0 12.12739453668572 532.0 1.4274007669452804 18.37949740108169 19.80689816802697 16.95209663413641 21.23429893497225 15.524695867191129 -56.202148392857154
nolig_pos200mV 1us 28.800475595238087 19.9779121378035 11.442260147047625 532.0 1.5471988232352778 18.154741766351428 19.701940589586705 16.60754294311615 21.249139412821982 15.060344119880872 -55.19952440476192
nolig_pos200mV 1us 29.803099583333324 19.96962414666667 10.68511145603334 532.0 1.6306408445560991 17.750606357584825 19.381247202140923 16.119965513028728 21.011888046697024 14.489324668472626 -54.19690041666668
nolig_pos200mV 1us 30.80572357142856 19.971798610292097 9.972444937142864 532.0 1.6831779979931307 17.272937885330595 18.956115883323726 15.589759887337465 20.639293881316856 13.906581889344334 -53.19427642857144
nolig_pos200mV 1us 31.8083475595238 19.978804872476196 9.317778799895246 532.0 1.7296060821073513 16.769651535794274 18.499257617901627 15.040045453686924 20.228863700008976 13.310439371579571 -52.191652440476204
nolig_pos200mV 1us 32.81097154761904 19.876572515122287 8.730533832323815 532.0 1.7105922296827933 16.211424169959777 17.92201639964257 14.500831940276983 19.632608629325365 12.79023971059419 -51.18902845238096
nolig_pos200mV 1us 33.81359553571428 19.782236984542863 8.223504493557147 532.0 1.684044935011957 15.653739902705084 17.33778483771704 13.969694967693126 19.021829772729 12.28565003268117 -50.18640446428572
nolig_pos200mV 1us 34.816219523809515 19.177166540190484 7.734904912304768 532.0 1.6563310618138172 15.10606689891453 16.762397960728347 13.449735837100713 18.418729022542166 11.793404775286897 -49.183780476190485
nolig_pos200mV 1us 35.81884351190476 18.552758056333335 7.319033777190481 532.0 1.6194541345545261 14.560737547572955 16.180191682127482 12.941283413018429 17.79964581668201 11.321829278463904 -48.18115648809524
nolig_pos200mV 1us 36.8214675 17.931728568600008 7.018339687399999 532.0 1.5865659075183403 14.020156061329711 15.606721968848051 12.433590153811371 17.19328787636639 10.847024246293032 -47.1785325
nolig_pos200mV 1us 37.824091488095235 17.3477241860381 6.720608118876191 532.0 1.5616909996302588 13.490023808985475 15.051714808615733 11.928332809355217 16.613405808245993 10.366641809724957 -46.175908511904765
nolig_pos200mV 1us 38.82671547619047 16.8046475788381 6.530287270152382 532.0 1.5411607388373771 12.967969257707951 14.509129996545328 11.426808518870574 16.050290735382706 9.885647780033196 -45.17328452380953
nolig_pos200mV 1us 39.82933946428571 16.297419091028576 6.5070879519 532.0 1.5276439778749238 12.457860579221519 13.985504557096442 10.930216601346595 15.513148534971366 9.402572623471672 -44.17066053571429
nolig_pos200mV 1us 40.83196345238095 15.792563690380955 6.670968326000001 532.0 1.5076890301038541 11.97159694914319 13.479285979247045 10.463907919039336 14.9869750093509 8.956218888935481 -43.16803654761905
nolig_pos200mV 1us 41.834587440476184 15.342291031276194 6.826614522823808 532.0 1.4881150168873967 11.50588882183784 12.994003838725236 10.017773804950442 14.482118855612633 8.529658788063045 -42.165412559523816
nolig_pos200mV 1us 42.83721142857142 14.860558718400004 6.805356451314285 532.0 1.4695906813781678 11.060553443065528 12.530144124443696 9.59096276168736 13.999734805821863 8.121372080309193 -41.16278857142858
nolig_pos200mV 1us 43.83983541666666 14.341059480900004 6.934514661366666 532.0 1.442419098320939 10.647808244127516 12.090227342448454 9.205389145806578 13.532646440769394 7.762970047485638 -40.16016458333334
nolig_pos200mV 1us 44.8424594047619 13.873203848523813 6.8809420149619065 532.0 1.4081695083789354 10.270788077726934 11.67895758610587 8.862618569347998 13.087127094484805 7.454449060969063 -39.1575405952381
nolig_pos200mV 1us 45.845083392857134 13.463805474285717 6.607891823742861 532.0 1.3629040866920101 9.941645902957891 11.304549989649901 8.57874181626588 12.667454076341912 7.21583772957387 -38.154916607142866
nolig_pos200mV 1us 46.84770738095237 13.107226672571434 6.329312003142861 532.0 1.3119719601594477 9.6611739339136 10.973145894073049 8.349201973754152 12.285117854232496 7.037230013594705 -37.15229261904763
nolig_pos200mV 1us 47.85033136904761 12.774780265647625 6.169419962166675 532.0 1.255182172456115 9.425925809638812 10.681107982094927 8.170743637182698 11.936290154551042 6.915561464726583 -36.14966863095239
nolig_pos200mV 1us 48.85295535714285 12.50575473554286 5.871389628457148 532.0 1.2030997172776172 9.242127147618362 10.445226864895979 8.039027430340745 11.648326582173596 6.8359277130631275 -35.14704464285715
nolig_pos200mV 1us 49.855579345238084 12.238115290785718 5.640207903304767 532.0 1.143453027029975 9.111935916997325 10.2553889440273 7.96848288996735 11.398841971057275 6.825029862937376 -34.144420654761916
nolig_pos200mV 1us 50.85820333333333 12.044273748 5.280398116266669 532.0 1.0938998234573483 9.021477604539346 10.115377427996695 7.927577781081998 11.209277251454042 6.83367795762465 -33.14179666666667
nolig_pos200mV 1us 51.860827321428566 11.881533185142858 5.055953598714282 532.0 1.0513584696114637 8.979067443884984 10.030425913496448 7.9277089742735205 11.081784383107912 6.8763505046620566 -32.139172678571434
nolig_pos200mV 1us 52.8634513095238 11.672189871238096 5.007928618047619 532.0 1.0247573577751516 8.98075497450948 10.005512332284631 7.9559976167343285 11.030269690059784 6.931240258959177 -31.136548690476197
nolig_pos200mV 1us 53.86607529761904 11.763278882619048 5.087687958014285 532.0 1.005036032012678 9.030164392958284 10.035200424970961 8.025128360945606 11.04023645698364 7.020092328932927 -30.13392470238096
nolig_pos200mV 1us 54.86869928571428 11.928618049485713 5.319840296057141 532.0 1.001310637794895 9.125651683648556 10.12696232144345 8.124341045853662 11.128272959238346 7.123030408058765 -29.13130071428572
nolig_pos200mV 1us 55.871323273809516 11.638388438628574 5.374550097042855 532.0 0.9768750435754867 9.254036925677562 10.230911969253048 8.277161882102076 11.207787012828536 7.300286838526588 -28.128676726190484
nolig_pos200mV 1us 56.87394726190475 11.474812611438097 5.526927776685712 532.0 0.940820745562075 9.400866711887122 10.341687457449197 8.460045966325048 11.282508203011272 7.519225220762973 -27.126052738095247
nolig_pos200mV 1us 57.87657124999999 11.442913597700004 5.654884806599997 532.0 0.8968192869847257 9.53226508666823 10.429084373652957 8.635445799683504 11.325903660637682 7.738626512698779 -26.12342875000001
nolig_pos200mV 1us 58.87919523809523 11.793685702666657 5.8195727065523775 532.0 0.8443472019998487 9.632116715949008 10.476463917948857 8.78776951394916 11.320811119948706 7.943422311949311 -25.120804761904772
nolig_pos200mV 1us 59.881819226190466 12.263031621899989 6.183226656309517 532.0 0.8030029138354382 9.679722817930465 10.482725731765903 8.876719904095026 11.285728645601342 8.073716990259587 -24.118180773809534
nolig_pos200mV 1us 60.8844432142857 12.393020965028573 6.694812763457135 532.0 0.790083922773707 9.681594610886457 10.471678533660164 8.89151068811275 11.261762456433871 8.101426765339042 -23.115556785714297
nolig_pos200mV 1us 61.88706720238094 12.327619352780953 7.340223367428562 532.0 0.7689081539874466 9.673591011298017 10.442499165285463 8.90468285731057 11.21140731927291 8.135774703323124 -22.11293279761906
nolig_pos200mV 1us 62.88969119047618 12.161801207523814 7.48057242657143 532.0 0.7399787853437556 9.665199534438562 10.405178319782317 8.925220749094807 11.145157105126074 8.18524196375105 -21.110308809523822
nolig_pos200mV 1us 63.892315178571415 11.788404825285724 7.419649908128571 532.0 0.7027011062172387 9.652911365910956 10.355612472128195 8.950210259693717 11.058313578345434 8.247509153476479 -20.107684821428585
nolig_pos200mV 1us 64.89493916666665 11.455195948733326 7.5703461656666615 532.0 0.6714298622516264 9.631057870741477 10.302487732993104 8.959628008489851 10.97391759524473 8.288198146238225 -19.105060833333354
nolig_pos200mV 1us 65.89756315476188 11.448404646676185 7.596978099623822 532.0 0.6572993987257433 9.57351865170051 10.230818050426254 8.916219252974766 10.888117449151997 8.258919854249024 -18.102436845238117
nolig_pos200mV 1us 66.90018714285712 11.453244201371431 7.077181222857154 532.0 0.670238186031823 9.464414202888726 10.134652388920548 8.794176016856904 10.804890574952372 8.12393783082508 -17.09981285714288
nolig_pos200mV 1us 67.90281113095236 11.230202670928582 6.6358461597762 532.0 0.6973918199480977 9.300692241059215 9.998084061007313 8.603300421111117 10.69547588095541 7.90590860116302 -16.097188869047642
nolig_pos200mV 1us 68.9054351190476 10.84819471280001 6.3353665248381 532.0 0.7100496025691317 9.09582293585325 9.805872538422381 8.385773333284117 10.515922140991513 7.675723730714986 -15.094564880952404
nolig_pos200mV 1us 69.90805910714283 10.547091508571437 6.199231783928573 532.0 0.7030118274939834 8.884725287965104 9.587737115459086 8.181713460471121 10.290748942953071 7.4787016329771365 -14.091940892857167
nolig_pos200mV 1us 70.91068309523807 10.34293404268572 6.238941386666662 532.0 0.6870762276929171 8.681035218878446 9.368111446571362 7.993958991185528 10.05518767426428 7.306882763492611 -13.08931690476193
nolig_pos200mV 1us 71.91330708333331 10.142819377366676 6.357983607233334 532.0 0.6615436519607238 8.486279842208964 9.147823494169687 7.82473619024824 9.80936714613041 7.163192538287516 -12.086692916666692
nolig_pos200mV 1us 72.91593107142855 9.865736603571436 6.419829285885713 532.0 0.6236910041467362 8.302266326731907 8.925957330878642 7.6785753225851705 9.54964833502538 7.054884318438434 -11.084068928571455
nolig_pos200mV 1us 73.91855505952378 9.639853296052385 6.426282822057155 532.0 0.5931085128909842 8.137352000905764 8.730460513796748 7.54424348801478 9.323569026687732 6.951134975123796 -10.081444940476217
nolig_pos200mV 1us 74.92117904761902 9.509857594666666 6.066718203047628 532.0 0.5795502334256845 7.998770967331261 8.578321200756946 7.4192207339055765 9.15787143418263 6.839670500479892 -9.07882095238098
nolig_pos200mV 1us 75.92380303571427 9.36650081528572 5.7463749704428615 532.0 0.573846340655255 7.879085999423156 8.45293234007841 7.305239658767901 9.026778680733665 6.731393318112646 -8.076196964285728
nolig_pos200mV 1us 76.92642702380951 9.238683648476194 5.563780802200002 532.0 0.574735000067495 7.789984330583872 8.364719330651367 7.215249330516377 8.939454330718862 6.640514330448882 -7.073572976190491
nolig_pos200mV 1us 77.92905101190475 9.207670747452381 5.479915453638099 532.0 0.5752142967854045 7.737752128124974 8.312966424910378 7.16253783133957 8.888180721695782 6.587323534554165 -6.070948988095253
nolig_pos200mV 1us 78.93167499999998 9.275397251599996 5.218285348800007 532.0 0.5839150133863245 7.703768711165404 8.287683724551728 7.11985369777908 8.871598737938053 6.535938684392756 -5.068325000000016
nolig_pos200mV 1us 79.93429898809522 9.440575541428561 4.729935249547626 532.0 0.5959012306652529 7.6648885493718195 8.260789780037072 7.068987318706567 8.856691010702326 6.473086088041313 -4.065701011904778
nolig_pos200mV 1us 80.93692297619046 9.200133529190493 4.334743728857147 532.0 0.6022265220200658 7.612635103020963 8.21486162504103 7.010408581000897 8.817088147061096 6.408182058980832 -3.063077023809541
nolig_pos200mV 1us 81.9395469642857 9.216987189771427 4.159372056385714 532.0 0.605734830607551 7.556380596933169 8.162115427540721 6.950645766325619 8.767850258148272 6.344910935718067 -2.0604530357143034
nolig_pos200mV 1us 82.94217095238093 9.146268901028574 3.971075755428573 532.0 0.6043139375735892 7.4950306994878 8.099344637061389 6.890716761914211 8.703658574634979 6.286402824340621 -1.057829047619066
nolig_pos200mV 1us 83.94479494047617 8.933499089333337 3.970508203690474 532.0 0.6077650303796659 7.427375690393515 8.035140720773182 6.81961066001385 8.642905751152847 6.211845629634183 -0.05520505952382848
nolig_pos200mV 1us 84.94741892857141 9.032682915228568 4.18208227671428 532.0 0.6022514208605532 7.36291665154839 7.965168072408943 6.760665230687836 8.567419493269496 6.158413809827284 0.947418928571409
nolig_pos200mV 1us 85.95004291666665 9.163151280600003 4.582063835633326 532.0 0.6007957881614014 7.28071103240301 7.881506820564412 6.6799152442416085 8.482302608725814 6.079119456080207 1.9500429166666464
nolig_pos200mV 1us 86.95266690476188 9.12518789952381 4.563141274000002 532.0 0.597908775869442 7.199232112625531 7.797140888494973 6.6013233367560895 8.395049664364416 6.003414560886648 2.952666904761884
nolig_pos200mV 1us 87.95529089285712 9.108187834414284 4.486996011885713 532.0 0.6114446254294382 7.120491976687112 7.7319366021165505 6.509047351257673 8.343381227545988 5.897602725828236 3.9552908928571213
nolig_pos200mV 1us 88.95791488095236 9.052911299857147 4.385805679066667 532.0 0.6305147127975691 7.04001087410715 7.670525586904719 6.409496161309581 8.301040299702288 5.7789814485120115 4.957914880952359
nolig_pos200mV 1us 89.9605388690476 9.037021690814289 4.329568813261915 532.0 0.6548459928816649 6.981677772092643 7.636523764974307 6.326831779210978 8.291369757855973 5.671985786329313 5.960538869047596
nolig_pos200mV 1us 90.96316285714283 8.921453361828576 4.080635870857148 532.0 0.6920190106691692 6.958899171312565 7.650918181981734 6.266880160643396 8.342937192650902 5.574861149974226 6.963162857142834
nolig_pos200mV 1us 91.96578684523807 8.866821747680955 4.041453670023808 532.0 0.7369151056905001 6.958645113734319 7.695560219424818 6.221730008043819 8.43247532511532 5.484814902353318 7.965786845238071
nolig_pos200mV 1us 92.96841083333331 8.899670468466663 4.115204029466657 532.0 0.7767425822870623 6.965489394013034 7.742231976300096 6.188746811725971 8.518974558587159 5.412004229438909 8.968410833333309
nolig_pos200mV 1us 93.97103482142855 9.107137285071426 4.202478324828574 532.0 0.8265540116928589 6.947537071063404 7.774091082756263 6.120983059370545 8.60064509444912 5.294429047677686 9.971034821428546
nolig_pos200mV 1us 94.97365880952378 9.191090306285716 4.067559020152386 532.0 0.8466544064171474 6.889330924140998 7.735985330558145 6.042676517723851 8.582639736975292 5.196022111306703 10.973658809523783
nolig_pos200mV 1us 95.97628279761902 9.228683195261901 3.9556805320380963 532.0 0.8353540078818861 6.7832169232710475 7.6185709311529335 5.947862915389162 8.45392493903482 5.112508907507276 11.976282797619021
nolig_pos200mV 1us 96.97890678571426 9.054620769942868 3.7965804058285713 532.0 0.8218001673996328 6.682045860175728 7.503846027575361 5.860245692776096 8.325646194974993 5.038445525376463 12.978906785714258
nolig_pos200mV 1us 97.9815307738095 8.671239513738099 3.789623165214285 532.0 0.8022025874461984 6.614670950148351 7.41687353759455 5.812468362702153 8.219076125040749 5.010265775255954 13.981530773809496
nolig_pos200mV 1us 98.98415476190473 8.529529836038101 3.9117530470095168 532.0 0.7889049688572248 6.589444504991917 7.378349473849142 5.800539536134692 8.167254442706367 5.011634567277468 14.984154761904733
nolig_pos200mV 1us 99.98677874999997 8.374714877300002 3.6384799485000157 532.0 0.7775834146756011 6.620797968850192 7.398381383525793 5.84321455417459 8.175964798201393 5.06563113949899 15.98677874999997
nolig_pos200mV 1us 100.98940273809521 8.433648487838088 3.0351101247619185 532.0 0.7705047230103506 6.718331022629139 7.48883574563949 5.947826299618788 8.259340468649839 5.1773215766084375 16.989402738095208
nolig_pos200mV 1us 101.99202672619045 8.634424882942849 2.5899889405381034 532.0 0.7730469890102919 6.880501574197475 7.653548563207767 6.107454585187183 8.426595552218059 5.3344075961768915 17.992026726190446
nolig_pos200mV 1us 102.99465071428568 8.924034163885704 2.3455600839428596 532.0 0.7819086899677328 7.094809512499021 7.876718202466753 6.312900822531288 8.658626892434487 5.530992132563555 18.994650714285683
nolig_pos200mV 1us 103.99727470238092 9.4434367792095 2.3632944139952405 532.0 0.7956405556904012 7.359816567956306 8.155457123646707 6.564176012265905 8.951097679337108 5.7685354565755045 19.99727470238092
nolig_pos200mV 1us 104.99989869047616 9.761352419723798 2.727412320619038 532.0 0.8160574167689173 7.650499340058298 8.466556756827215 6.834441923289381 9.282614173596132 6.018384506520463 20.999898690476158
nolig_pos200mV 1us 106.0025226785714 10.080967646128562 3.1412189967285644 532.0 0.8305262598859174 7.964317543444506 8.794843803330423 7.133791283558589 9.62537006321634 6.303265023672671 22.002522678571395
nolig_pos200mV 1us 107.00514666666665 10.338515172266652 4.587797647199985 532.0 0.8208620901763846 8.284813066885716 9.105675157062102 7.463950976709332 9.926537247238485 6.643088886532947 23.005146666666647
nolig_pos200mV 1us 108.00777065476188 10.560060250880953 4.938233689314284 532.0 0.7929023941469151 8.586734383180765 9.379636777327681 7.79383198903385 10.172539171474595 7.0009295948869354 24.007770654761885
nolig_pos200mV 1us 109.01039464285712 10.531108837342858 5.17658232251428 532.0 0.7490852929494247 8.829983037921858 9.579068330871284 8.080897744972432 10.328153623820707 7.331812452023009 25.010394642857122
nolig_pos200mV 1us 110.01301863095236 10.769890593085714 5.514638347404762 532.0 0.7368672864855407 8.964854497687712 9.701721784173253 8.227987211202171 10.438589070658793 7.491119924716631 26.01301863095236
nolig_pos200mV 1us 111.0156426190476 10.985622526438084 5.491831496304761 532.0 0.7907489621132341 8.96782946767258 9.758578429785814 8.177080505559346 10.549327391899048 7.386331543446111 27.015642619047597
nolig_pos200mV 1us 112.01826660714283 11.019833226185728 5.654225408628567 532.0 0.8852744578012757 8.844338843697779 9.729613301499054 7.959064385896503 10.61488775930033 7.073789928095227 28.018266607142834
nolig_pos200mV 1us 113.02089059523807 10.637780553380955 5.605817948761917 532.0 0.9828300041989643 8.61622295493038 9.599052959129345 7.633392950731416 10.58188296332831 6.650562946532452 29.020890595238072
nolig_pos200mV 1us 114.02351458333331 10.525565774000015 5.20095331000001 532.0 1.039208996680645 8.313068284003963 9.352277280684607 7.273859287323318 10.391486277365253 6.234650290642673 30.02351458333331
nolig_pos200mV 1us 115.02613857142855 10.335895374514292 4.9121402574857225 532.0 1.0492156068880725 7.99821403249518 9.047429639383253 6.948998425607107 10.096645246271326 5.899782818719035 31.026138571428547
nolig_pos200mV 1us 116.02876255952378 10.12927932761906 4.651306991419052 532.0 1.0325213009089922 7.712191256755798 8.74471255766479 6.679669955846806 9.777233858573782 5.647148654937814 32.028762559523784
nolig_pos200mV 1us 117.03138654761902 9.985879069219047 4.559822497219047 532.0 0.9996893961660636 7.47383871390517 8.473528110071234 6.474149317739107 9.473217506237297 5.474459921573043 33.03138654761902
nolig_pos200mV 1us 118.03401053571426 9.794088986742857 4.2649632377571525 532.0 0.959959515057973 7.30858425564273 8.268543770700703 6.348624740584757 9.228503285758675 5.388665225526784 34.03401053571426
nolig_pos200mV 1us 119.0366345238095 9.831452703942855 4.036789329390481 532.0 0.9240077184416535 7.21979969962971 8.143807418071363 6.2957919811880565 9.067815136513017 5.371784262746402 35.0366345238095
nolig_pos200mV 1us 120.03925851190473 9.8204004589381 4.016366496095236 532.0 0.8888818653225322 7.224360305784422 8.113242171106954 6.335478440461889 9.002124036429485 5.446596575139357 36.039258511904734
nolig_pos200mV 1us 121.04188249999997 9.7341026972 4.204398149999992 532.0 0.8583427445092267 7.315645486512024 8.173988231021251 6.457302742002797 9.032330975530478 5.598959997493571 37.04188249999997
nolig_pos200mV 1us 122.04450648809521 9.712372423738096 4.573199272709509 532.0 0.8379290926800645 7.493005309951634 8.3309344026317 6.65507621727157 9.168863495311763 5.817147124591505 38.04450648809521
nolig_pos200mV 1us 123.04713047619045 9.76384956780952 5.306259820380947 532.0 0.8291758402237827 7.753354428528962 8.582530268752745 6.92417858830518 9.411706108976528 6.095002748081397 39.047130476190446
nolig_pos200mV 1us 124.0497544642857 10.128631526971422 5.221160735142865 532.0 0.8419944989619521 8.097004212012239 8.938998710974191 7.255009713050287 9.780993209936144 6.413015214088334 40.0497544642857
nolig_pos200mV 1us 125.05237845238092 10.674029245047599 4.928922840009534 532.0 0.8669610171296794 8.512742282211054 9.379703299340733 7.645781265081374 10.246664316470413 6.778820247951695 41.05237845238092
nolig_pos200mV 1us 126.05500244047617 11.295866823666657 4.62683950849048 532.0 0.9051079271917077 8.9823409718543 9.887448899046008 8.077233044662593 10.792556826237716 7.172125117470886 42.05500244047617
nolig_pos200mV 1us 127.0576264285714 12.03036211502854 4.578837554285715 532.0 0.9436871962311603 9.50170806411728 10.44539526034844 8.55802086788612 11.3890824565796 7.614333671654959 43.057626428571396
nolig_pos200mV 1us 128.06025041666666 12.762262710633337 4.601487266666665 532.0 0.9787939655964557 10.0694299423896 11.048223907986056 9.090635976793145 12.027017873582512 8.11184201119669 44.06025041666666
nolig_pos200mV 1us 129.06287440476189 13.449106659838089 4.867068495476182 532.0 1.018656929375895 10.671449314727466 11.690106244103362 9.652792385351571 12.708763173479255 8.634135455975677 45.062874404761885
nolig_pos200mV 1us 130.06549839285714 14.148935871257144 5.360063969599994 532.0 1.0420924671278118 11.309539834071096 12.351632301198908 10.267447366943284 13.39372476832672 9.225354899815471 46.06549839285714
nolig_pos200mV 1us 131.06812238095236 14.862630142857135 6.202866724876169 532.0 1.0790587106116436 11.97174823677148 13.050806947383125 10.892689526159836 14.129865657994767 9.813630815548194 47.06812238095236
nolig_pos200mV 1us 132.0707463690476 15.638372175585722 7.087152509238086 532.0 1.1212381808313245 12.657375524533537 13.778613705364862 11.536137343702212 14.899851886196185 10.414899162870888 48.07074636904761
nolig_pos200mV 1us 133.07337035714284 16.460913561399995 7.994697182399977 532.0 1.1589103914222834 13.357552367127862 14.516462758550146 12.198641975705579 15.67537314997243 11.039731584283295 49.073370357142835
nolig_pos200mV 1us 134.0759943452381 17.303540098690487 8.918293452214275 532.0 1.1908841294058612 14.078430438236888 15.269314567642748 12.887546308831027 16.46019869704861 11.696662179425164 50.07599434523809
nolig_pos200mV 1us 135.0786183333333 18.16468244706666 9.852601302533309 532.0 1.2323701072793622 14.819622110123541 16.051992217402905 13.58725200284418 17.284362324682267 12.354881895564816 51.07861833333331
nolig_pos200mV 1us 136.08124232142856 19.03921948185715 10.806320024971416 532.0 1.265348789242512 15.563361902291915 16.828710691534425 14.298013113049402 18.094059480776938 13.032664323806891 52.08124232142856
nolig_pos200mV 1us 137.08386630952378 19.84292097583807 11.620420751142838 532.0 1.2852321362586823 16.32947836994155 17.614710506200232 15.04424623368287 18.899942642458917 13.759014097424187 53.083866309523785
nolig_pos200mV 1us 138.08649029761904 19.9346449705 12.388188851176178 532.0 1.2999076950530597 17.087236561600324 18.387144256653386 15.787328866547265 19.687051951706444 14.487421171494205 54.08649029761904
nolig_pos200mV 1us 139.08911428571426 19.978055158423437 12.78192775942856 532.0 1.2675648802599184 17.815804125179852 19.08336900543977 16.548239244919934 20.35093388569969 15.280674364660015 55.08911428571426
nolig_pos200mV 1us 140.0917382738095 19.98200730166667 13.257599713914278 532.0 1.109746805210577 18.464227472967163 19.57397427817774 17.354480667756587 20.683721083388317 16.24473386254601 56.09173827380951
nolig_pos200mV 1us 141.09436226190473 19.992523475819972 13.818134629809508 532.0 0.9359644725530845 18.95170672910473 19.887671201657813 18.015742256551643 20.823635674210898 17.07977778399856 57.094362261904735
nolig_pos200mV 1us 142.09698625 19.980124662312054 14.45494655209999 532.0 0.7622090037642674 19.306988914166926 20.06919791793119 18.54477991040266 20.83140692169546 17.78257090663839 58.096986249999986
nolig_pos200mV 1us 143.0996102380952 20.0 15.15771523670474 532.0 0.5988122767206834 19.51045763550265 20.109269912223333 18.911645358781968 20.70808218894402 18.31283308206128 59.09961023809521
nolig_pos200mV 1us 144.10223422619046 20.0 15.896328671738084 532.0 0.46741555984016775 19.637077067179007 20.104492627019173 19.16966150733884 20.571908186859343 18.70224594749867 60.10223422619046
nolig_pos200mV 1us 145.10485821428568 20.0 16.695394119142833 532.0 0.432596905598041 19.680175897838765 20.112772803436805 19.247578992240726 20.545369709034848 18.814982086642683 61.104858214285684
nolig_pos200mV 1us 146.10748220238094 20.0 17.211520381523812 532.0 0.44175850871486677 19.674306237066297 20.116064745781163 19.23254772835143 20.55782325449603 18.790789219636565 62.107482202380936
nolig_pos200mV 1us 147.11010619047616 20.0 17.000827837180953 532.0 0.4512699274828724 19.684926060437345 20.136195987920217 19.233656132954472 20.58746591540309 18.7823862054716 63.11010619047616
nolig_pos200mV 1us 148.1127301785714 20.0 16.7792578115 532.0 0.4697247257679984 19.69192158940512 20.16164631517312 19.22219686363712 20.631371040941115 18.752472137869123 64.11273017857141
nolig_pos200mV 1us 149.11535416666663 20.0 16.60636059366667 532.0 0.4825773713389676 19.70072070610532 20.183298077444285 19.218143334766353 20.665875448783254 18.735565963427383 65.11535416666663
nolig_pos200mV 1us 150.1179781547619 20.0 16.4822132740381 532.0 0.4887540811070011 19.713147079124997 20.201901160231998 19.224392998017997 20.690655241338998 18.735638916910997 66.11797815476189
nolig_pos200mV 1us 151.1206021428571 20.0 16.419094635714288 532.0 0.4854676970990693 19.727349181086147 20.212816878185215 19.24188148398708 20.698284575284287 18.756413786888007 67.12060214285711
nolig_pos200mV 1us 152.12322613095236 20.0 16.41181724871905 532.0 0.4725104911493902 19.746741844920432 20.21925233606982 19.274231353771043 20.69176282721921 18.801720862621654 68.12322613095236
nolig_pos200mV 1us 153.12585011904758 20.0 16.460540186095237 532.0 0.4522273868560964 19.76760754273022 20.21983492958632 19.315380155874124 20.672062316442414 18.86315276901803 69.12585011904758
nolig_pos200mV 1us 154.12847410714284 20.0 16.570043387171427 532.0 0.42054217477879596 19.789941824269903 20.210483999048698 19.369399649491108 20.631026173827493 18.948857474712312 70.12847410714284
nolig_pos200mV 1us 155.13109809523806 20.0 16.72409074792381 532.0 0.37470769947385246 19.81337188000985 20.188079579483702 19.438664180535998 20.562787278957554 19.063956481062146 71.13109809523806
nolig_pos200mV 1us 156.1337220833333 20.0 16.951554846366665 532.0 0.3226529456230186 19.83611267386301 20.15876561948603 19.51345972823999 20.481418565109045 19.190806782616974 72.13372208333331
nolig_pos200mV 1us 157.13634607142856 20.0 17.21269421902857 532.0 0.2692009622183117 19.856673907457477 20.125874869675787 19.587472945239167 20.3950758318941 19.318271983020853 73.13634607142856
nolig_pos200mV 1us 158.13897005952379 20.0 17.523125171666663 532.0 0.21647400357122487 19.875021635972676 20.0914956395439 19.65854763240145 20.307969643115126 19.442073628830226 74.13897005952379
nolig_pos200mV 1us 159.14159404761904 20.0 17.8762845113905 532.0 0.17014572842211587 19.888933725517074 20.05907945393919 19.718787997094957 20.229225182361304 19.548642268672843 75.14159404761904
nolig_pos200mV 1us 160.14421803571426 20.0 18.284227747457134 532.0 0.13249166929207648 19.89915284341454 20.031644512706617 19.766661174122465 20.164136181998693 19.63416950483039 76.14421803571426
nolig_pos200mV 1us 161.1468420238095 20.0 18.726828300171416 532.0 0.11107512859954961 19.92212282086951 20.03319794946906 19.811047692269963 20.14427307806861 19.69997256367041 77.14684202380951
nolig_pos200mV 1us 162.14946601190474 20.0 19.201891897457138 532.0 0.08901420828734567 19.956162085398496 20.04517629368584 19.86714787711115 20.134190501973187 19.778133668823806 78.14946601190474
nolig_pos200mV 1us 163.15209 20.0 19.77246 532.0 0.00986511012327536 19.999572293233083 20.00943740335636 19.989707183109807 20.019302513479634 19.979842072986532 79.15208999999999
