System Replica Z Radius.Max Radius.Min Radius.FrameCount Radius.StdDev Radius.Mean Radius_p1std Radius_m1std Radius_p2std Radius_m2std offZ
neg200mV 1us -5.43431 20.0 20.0 496.0 0.0 20.0 20.0 20.0 20.0 20.0 -89.43431
neg200mV 1us -4.432794972067039 20.0 20.0 496.0 0.0 20.0 20.0 20.0 20.0 20.0 -88.43279497206704
neg200mV 1us -3.431279944134078 20.0 20.0 496.0 0.0 20.0 20.0 20.0 20.0 20.0 -87.43127994413408
neg200mV 1us -2.4297649162011172 20.0 20.0 496.0 0.0 20.0 20.0 20.0 20.0 20.0 -86.42976491620112
neg200mV 1us -1.428249888268156 20.0 20.0 496.0 0.0 20.0 20.0 20.0 20.0 20.0 -85.42824988826816
neg200mV 1us -0.4267348603351948 20.0 20.0 496.0 0.0 20.0 20.0 20.0 20.0 20.0 -84.42673486033519
neg200mV 1us 0.5747801675977655 20.0 20.0 496.0 0.0 20.0 20.0 20.0 20.0 20.0 -83.42521983240223
neg200mV 1us 1.5762951955307267 20.0 20.0 496.0 0.0 20.0 20.0 20.0 20.0 20.0 -82.42370480446927
neg200mV 1us 2.577810223463688 20.0 20.0 496.0 0.0 20.0 20.0 20.0 20.0 20.0 -81.42218977653631
neg200mV 1us 3.5793252513966483 20.0 20.0 496.0 0.0 20.0 20.0 20.0 20.0 20.0 -80.42067474860335
neg200mV 1us 4.58084027932961 20.0 19.28971497975419 496.0 0.06665636190165294 19.94046258345117 20.007118945352822 19.873806221549515 20.073775307254476 19.80714985964786 -79.4191597206704
neg200mV 1us 5.582355307262571 20.0 18.57364801927151 496.0 0.09342324581211656 19.91600707370273 20.009430319514845 19.822583827890615 20.102853565326964 19.729160582078496 -78.41764469273743
neg200mV 1us 6.583870335195531 20.0 17.892811854167597 496.0 0.14858594995333602 19.8999724282943 20.048558378247638 19.751386478340965 20.197144328200974 19.60280052838763 -77.41612966480447
neg200mV 1us 7.585385363128493 20.0 17.248319301479327 496.0 0.2106335341913917 19.875267721997435 20.085901256188826 19.664634187806044 20.296534790380218 19.454000653614653 -76.4146146368715
neg200mV 1us 8.586900391061453 20.0 16.653158532455866 496.0 0.28084257142148794 19.8428072906198 20.123649862041287 19.56196471919831 20.404492433462774 19.281122147776824 -75.41309960893855
neg200mV 1us 9.588415418994416 20.0 16.102849677354186 496.0 0.35044424624284937 19.80256258105876 20.153006827301606 19.45211833481591 20.503451073544458 19.10167408857306 -74.41158458100558
neg200mV 1us 10.589930446927376 20.0 15.604515594413407 496.0 0.4380269274979934 19.753618600056885 20.19164552755488 19.31559167255889 20.629672455052873 18.877564745060898 -73.41006955307262
neg200mV 1us 11.591445474860336 20.0 15.16409455557542 496.0 0.5326951564865873 19.702272853741515 20.2349680102281 19.16957769725493 20.76766316671469 18.63688254076834 -72.40855452513966
neg200mV 1us 12.592960502793296 20.0 14.7790814733095 496.0 0.6207736279707177 19.656473002787056 20.277246630757773 19.03569937481634 20.89802025872849 18.414925746845622 -71.40703949720671
neg200mV 1us 13.59447553072626 20.0 14.460987179155307 496.0 0.6964807309077399 19.619978941811194 20.316459672718935 18.923498210903453 21.012940403626672 18.227017479995716 -70.40552446927374
neg200mV 1us 14.59599055865922 20.0 14.213318899115084 496.0 0.7628577055170033 19.586894451072453 20.349752156589457 18.82403674555545 21.11260986210646 18.061179040038446 -69.40400944134078
neg200mV 1us 15.597505586592181 20.0 14.04098654492961 496.0 0.8432543656024467 19.541354650953654 20.3846090165561 18.698100285351206 21.227863382158546 17.85484591974876 -68.40249441340782
neg200mV 1us 16.59902061452514 20.0 13.941606920156424 496.0 0.8937377654784155 19.494444431485714 20.38818219696413 18.600706666007298 21.281919962442544 17.706968900528885 -67.40097938547486
neg200mV 1us 17.6005356424581 20.0 13.893757760411173 496.0 0.8979389411021189 19.458786986116245 20.356725927218363 18.560848045014126 21.254664868320482 17.662909103912007 -66.3994643575419
neg200mV 1us 18.602050670391062 20.0 13.91094254867933 496.0 0.8914248459106223 19.43488722131989 20.326312067230514 18.543462375409266 21.217736913141135 17.652037529498646 -65.39794932960893
neg200mV 1us 19.603565698324026 20.0 13.978939256581004 496.0 0.9037371045837891 19.414546028539867 20.318283133123657 18.510808923956077 21.222020237707444 17.60707181937229 -64.39643430167598
neg200mV 1us 20.605080726256986 20.0 14.06643673526704 496.0 0.9132782858262251 19.405820640617375 20.3190989264436 18.492542354791148 21.232377212269824 17.579264068964925 -63.394919273743014
neg200mV 1us 21.606595754189946 20.0 14.22666315083799 496.0 0.9118793567504331 19.38622574309229 20.298105099842722 18.474346386341857 21.209984456593155 17.562467029591424 -62.39340424581005
neg200mV 1us 22.608110782122907 20.0 13.971474005854747 496.0 0.9113497975571355 19.351920807135482 20.263270604692618 18.440571009578345 21.174620402249754 17.52922121202121 -61.39188921787709
neg200mV 1us 23.609625810055867 20.0 13.450287053086031 496.0 0.9310520840931351 19.249416563196128 20.180468647289263 18.318364479102993 21.1115207313824 17.387312395009857 -60.39037418994413
neg200mV 1us 24.61114083798883 19.990216662140686 12.9919527530324 496.0 0.9706630751185747 19.127126790718176 20.097789865836752 18.1564637155996 21.068452940955325 17.185800640481027 -59.38885916201117
neg200mV 1us 25.61265586592179 19.989230411384526 12.602648421953072 496.0 1.0260428896174196 18.996225598048515 20.022268487665933 17.970182708431096 21.048311377283355 16.944139818813674 -58.387344134078205
neg200mV 1us 26.61417089385475 19.984546872719548 12.28885605673296 496.0 1.1090089534234693 18.82114090043602 19.93014985385949 17.71213194701255 21.03915880728296 16.603122993589082 -57.38582910614525
neg200mV 1us 27.615685921787712 19.95199476638506 11.98709338958659 496.0 1.2514203280659766 18.573092851286653 19.82451317935263 17.321672523220677 21.075933507418604 16.0702521951547 -56.384314078212284
neg200mV 1us 28.617200949720672 19.971057105270777 11.702736229962012 496.0 1.363487494765207 18.340912731166632 19.70440022593184 16.977425236401427 21.067887720697048 15.613937741636219 -55.38279905027933
neg200mV 1us 29.618715977653633 19.964612764491207 11.514002729117317 496.0 1.497225181034729 18.02094798495876 19.51817316599349 16.52372280392403 21.015398347028217 15.026497622889302 -54.381284022346364
neg200mV 1us 30.620231005586593 19.96895836950626 11.408674593255867 496.0 1.5825367128213501 17.52941171042858 19.11194842324993 15.94687499760723 20.69448513607128 14.36433828478588 -53.37976899441341
neg200mV 1us 31.621746033519553 19.867571812934244 11.353483347593297 496.0 1.5715211893832495 16.966750488052604 18.538271677435855 15.395229298669355 20.109792866819102 13.823708109286105 -52.37825396648044
neg200mV 1us 32.623261061452524 19.690920219745244 11.375057243463687 496.0 1.5468135001565584 16.355800717055182 17.90261421721174 14.808987216898624 19.449427717368298 13.262173716742065 -51.376738938547476
neg200mV 1us 33.62477608938548 18.89933725950838 10.854311789532959 496.0 1.5011970573615918 15.730472151948092 17.231669209309683 14.2292750945865 18.732866266671277 12.728078037224908 -50.37522391061452
neg200mV 1us 34.626291117318445 18.776430748907263 10.14369937541899 496.0 1.4541406003227673 15.100388042114735 16.554528642437504 13.646247441791967 18.00866924276027 12.1921068414692 -49.373708882681555
neg200mV 1us 35.6278061452514 18.600866517318437 8.366289823150845 496.0 1.4382609810959164 14.464688221327494 15.902949202423411 13.026427240231577 17.341210183519326 11.588166259135662 -48.3721938547486
neg200mV 1us 36.629321173184366 17.845484985430165 7.729077435798884 496.0 1.3989863204919013 13.844298964991069 15.243285285482969 12.445312644499168 16.64227160597487 11.046326324007266 -47.370678826815634
neg200mV 1us 37.63083620111732 17.071480334958654 7.208707571508386 496.0 1.3612867913245548 13.241525361296777 14.60281215262133 11.880238569972223 15.964098943945887 10.518951778647667 -46.36916379888268
neg200mV 1us 38.632351229050286 16.31550275968715 6.743566806507265 496.0 1.3278638870007686 12.648829288604139 13.976693175604908 11.32096540160337 15.304557062605676 9.993101514602602 -45.367648770949714
neg200mV 1us 39.63386625698324 15.564562138431285 6.44837498142123 496.0 1.291715854700668 12.071524128176 13.363239982876667 10.779808273475332 14.654955837577337 9.488092418774663 -44.36613374301676
neg200mV 1us 40.63538128491621 14.749603135106138 6.391419293175418 496.0 1.268326726588799 11.503357938026744 12.771684664615542 10.235031211437946 14.040011391204342 8.966704484849146 -43.36461871508379
neg200mV 1us 41.63689631284916 13.959800077063687 6.5677638273921755 496.0 1.2438510949253943 10.950267839928925 12.19411893485432 9.70641674500353 13.437970029779713 8.462565650078137 -42.36310368715084
neg200mV 1us 42.63841134078213 13.400688906927371 6.559729097305026 496.0 1.217548565720798 10.428541633549221 11.64609019927002 9.210993067828422 12.863638764990817 7.993444502107625 -41.36158865921787
neg200mV 1us 43.639926368715095 12.882934451789936 6.187243199588824 496.0 1.1958099303106 9.930454003137868 11.126263933448469 8.734644072827267 12.322073863759067 7.538834142516668 -40.360073631284905
neg200mV 1us 44.64144139664805 12.301568335030165 5.930875150846926 496.0 1.1700576495631805 9.468537925025842 10.638595574589022 8.298480275462662 11.808653224152202 7.128422625899481 -39.35855860335195
neg200mV 1us 45.642956424581016 11.542929477050272 5.542472815106143 496.0 1.1368938322370894 9.045387455987873 10.182281288224962 7.9084936237507835 11.319175120462052 6.771599791513694 -38.357043575418984
neg200mV 1us 46.64447145251397 11.013185656487153 5.119139432478213 496.0 1.120414398473534 8.656121068677281 9.776535467150815 7.535706670203748 10.89694986562435 6.415292271730213 -37.35552854748603
neg200mV 1us 47.645986480446936 10.578026142373178 4.746113052022345 496.0 1.0985747046343366 8.308851227984773 9.407425932619109 7.210276523350436 10.506000637253447 6.111701818716099 -36.354013519553064
neg200mV 1us 48.64750150837989 10.20875372898324 4.47623649231285 496.0 1.0727739819202884 8.005581514976136 9.078355496896425 6.932807533055847 10.151129478816713 5.860033551135559 -35.35249849162011
neg200mV 1us 49.64901653631286 10.009975526471507 4.040441975955306 496.0 1.0579669161730039 7.744285044906258 8.802251961079262 6.686318128733254 9.860218877252265 5.628351212560251 -34.35098346368714
neg200mV 1us 50.65053156424581 9.753463553635754 3.703284333264805 496.0 1.0586771403232709 7.508018364014321 8.566695504337591 6.44934122369105 9.625372644660862 5.3906640833677795 -33.34946843575419
neg200mV 1us 51.65204659217878 9.61279170484916 3.5694996512893855 496.0 1.0620640614270547 7.307824848768972 8.369888910196027 6.245760787341917 9.431952971623081 5.183696725914862 -32.34795340782122
neg200mV 1us 52.65356162011173 9.587215467088267 2.9182681423374306 496.0 1.0894077669463251 7.153160991159044 8.242568758105369 6.06375322421272 9.331976525051694 4.974345457266394 -31.34643837988827
neg200mV 1us 53.6550766480447 9.776069863043576 2.774012876245809 496.0 1.0988104240655996 7.04951699349048 8.148327417556079 5.95070656942488 9.24713784162168 4.85189614535928 -30.344923351955302
neg200mV 1us 54.656591675977666 9.510216471048043 2.614081135164244 496.0 1.1130195139443615 6.977265172598045 8.090284686542407 5.864245658653684 9.203304200486768 4.751226144709323 -29.343408324022334
neg200mV 1us 55.65810670391062 9.663147522592178 2.3442854019039103 496.0 1.1425328330680293 6.946945350511175 8.089478183579205 5.804412517443145 9.232011016647235 4.6618796843751165 -28.34189329608938
neg200mV 1us 56.659621731843586 9.917375117935196 2.301515450288269 496.0 1.1651854089736453 6.9706948058947695 8.135880214868415 5.805509396921124 9.30106562384206 4.640323987947479 -27.340378268156414
neg200mV 1us 57.66113675977654 9.798096130422348 2.5559672800893862 496.0 1.1962244283579648 7.030681926096489 8.226906354454453 5.834457497738524 9.423130782812418 4.63823306938056 -26.33886324022346
neg200mV 1us 58.66265178770951 9.797732553385474 2.713177367048042 496.0 1.2067441206818692 7.123446438420157 8.330190559102025 5.916702317738287 9.536934679783895 4.709958197056418 -25.337348212290493
neg200mV 1us 59.664166815642474 9.914885945224583 2.4932930278435745 496.0 1.2182991406144472 7.222982632111299 8.441281772725747 6.004683491496852 9.659580913340193 4.786384350882405 -24.335833184357526
neg200mV 1us 60.66568184357543 10.002478333430169 2.5471639982301655 496.0 1.235576696699684 7.335968044201573 8.571544740901258 6.10039134750189 9.80712143760094 4.864814650802206 -23.334318156424573
neg200mV 1us 61.667196871508395 10.265801436111737 2.4119271361608963 496.0 1.2515021601615592 7.442687220382129 8.694189380543689 6.19118506022057 9.945691540705248 4.93968290005901 -22.332803128491605
neg200mV 1us 62.66871189944135 10.513801506918439 2.7322631307173175 496.0 1.2680325443038858 7.555021990266769 8.823054534570655 6.286989445962883 10.09108707887454 5.018956901658997 -21.331288100558652
neg200mV 1us 63.670226927374316 10.838789925774305 2.3528186408268144 496.0 1.2818612129825333 7.67396507353208 8.955826286514613 6.392103860549547 10.237687499497147 5.110242647567013 -20.329773072625684
neg200mV 1us 64.67174195530727 10.85030267298324 2.2557727426681566 496.0 1.3177065457736314 7.7798078153844825 9.097514361158114 6.4621012696108515 10.415220906931745 5.14439472383722 -19.32825804469273
neg200mV 1us 65.67325698324024 10.52881115789944 2.4220916511374315 496.0 1.311495749191736 7.868219185944566 9.179714935136303 6.55672343675283 10.491210684328038 5.245227687561094 -18.326743016759764
neg200mV 1us 66.67477201117319 10.508559243745252 2.750640440607821 496.0 1.27563665990658 7.905520570535508 9.181157230442087 6.629883910628928 10.456793890348667 5.354247250722348 -17.32522798882681
neg200mV 1us 67.67628703910616 10.620376754538547 3.2502776219083827 496.0 1.216040714002731 7.902617867808741 9.118658581811472 6.6865771538060095 10.334699295814202 5.470536439803279 -16.323712960893843
neg200mV 1us 68.67780206703911 10.572734611678213 3.752183158972066 496.0 1.179115179264801 7.87274239604816 9.051857575312962 6.6936272167833595 10.230972754577762 5.514512037518559 -15.32219793296089
neg200mV 1us 69.67931709497208 10.395421118507265 4.25663063087374 496.0 1.1444826683169935 7.826102763212775 8.970585431529768 6.681620094895782 10.115068099846763 5.537137426578788 -14.320682905027923
neg200mV 1us 70.68083212290504 10.16488161308602 3.9699200294256958 496.0 1.1090861933030107 7.7690029171393915 8.878089110442403 6.659916723836381 9.987175303745413 5.55083053053337 -13.319167877094955
neg200mV 1us 71.682347150838 9.847643338011164 3.894170905550838 496.0 1.0782957740498271 7.7207164134377075 8.799012187487534 6.642420639387881 9.877307961537362 5.564124865338053 -12.317652849162002
neg200mV 1us 72.68386217877097 9.800122180223465 3.8879250814524937 496.0 1.0422798445111476 7.68117109457837 8.723450939089517 6.638891250067222 9.765730783600665 5.596611405556075 -11.316137821229034
neg200mV 1us 73.68537720670392 9.728625689385474 3.150826443307264 496.0 1.0310363632554513 7.621493933515191 8.652530296770642 6.5904575702597405 9.683566660026095 5.559421207004289 -10.314622793296081
neg200mV 1us 74.68689223463689 9.509532070149717 3.416028847843579 496.0 1.0182252038206323 7.536338019670725 8.554563223491357 6.518112815850093 9.57278842731199 5.499887612029461 -9.313107765363114
neg200mV 1us 75.68840726256984 9.316740313488268 3.4723221343821224 496.0 1.0283727884859595 7.410421488253159 8.438794276739118 6.3820486997672 9.467167065225079 5.35367591128124 -8.31159273743016
neg200mV 1us 76.6899222905028 9.257102848732963 3.496500781103894 496.0 1.0615148964843448 7.275488486813563 8.337003383297908 6.213973590329218 9.398518279782252 5.152458693844873 -7.310077709497193
neg200mV 1us 77.69143731843576 9.050893846891618 3.0003324350256957 496.0 1.0971518394025954 7.139384859321271 8.236536698723866 6.042233019918675 9.333688538126461 4.94508118051608 -6.30856268156424
neg200mV 1us 78.69295234636873 8.947154284022346 2.728771290985473 496.0 1.1139267767300371 7.027922755840003 8.14184953257004 5.913995979109966 9.255776309300078 4.8000692023799285 -5.3070476536312725
neg200mV 1us 79.69446737430168 8.782479867191062 2.734413665014526 496.0 1.1315853115359529 6.916169623763497 8.04775493529945 5.784584312227544 9.179340246835402 4.652999000691591 -4.305532625698319
neg200mV 1us 80.69598240223465 8.607828590793297 2.7781299054033517 496.0 1.133929656290359 6.810910810365604 7.944840466655963 5.676981154075245 9.078770122946322 4.5430514977848855 -3.304017597765352
neg200mV 1us 81.69749743016762 8.401600781381003 2.9151118299888306 496.0 1.1137645178038833 6.694231522874638 7.807996040678521 5.580467005070755 8.921760558482404 4.466702487266872 -2.3025025698323844
neg200mV 1us 82.69901245810057 8.259257739553071 3.1374485923977673 496.0 1.0310111801373303 6.594977447978005 7.625988628115335 5.563966267840675 8.656999808252666 4.532955087703344 -1.3009875418994312
neg200mV 1us 83.70052748603354 8.192343289720672 3.4144146271106233 496.0 0.9412485653555756 6.509958208211405 7.45120677356698 5.568709642855829 8.392455338922556 4.627461077500254 -0.2994725139664638
neg200mV 1us 84.70204251396649 8.205784025751953 3.6080274340513987 496.0 0.8813325798748369 6.424776548780823 7.30610912865566 5.5434439689059865 8.187441708530496 4.662111389031149 0.7020425139664894
neg200mV 1us 85.70355754189946 8.053049148245808 3.5169190629809983 496.0 0.8378906759854879 6.338213864764754 7.1761045407502415 5.500323188779266 8.01399521673573 4.662432512793778 1.7035575418994569
neg200mV 1us 86.70507256983241 8.18487930568492 3.248135979798881 496.0 0.8396440742685092 6.272086796254613 7.111730870523123 5.432442721986104 7.951374944791631 4.592798647717595 2.70507256983241
neg200mV 1us 87.70658759776538 8.5353076121028 3.230690679615644 496.0 0.8736629808534784 6.243806121179482 7.11746910203296 5.370143140326004 7.9911320828864385 4.496480159472525 3.7065875977653775
neg200mV 1us 88.70810262569833 8.8371926455419 3.003470156138545 496.0 0.9227845140160608 6.275387783871053 7.198172297887114 5.352603269854992 8.120956811903174 4.429818755838931 4.708102625698331
neg200mV 1us 89.7096176536313 8.893660037430166 2.713656105667037 496.0 0.9686924559312519 6.373742826977256 7.342435282908507 5.405050371046004 8.31112773883976 4.436357915114752 5.709617653631298
neg200mV 1us 90.71113268156425 8.986500849215645 2.598280216911732 496.0 1.0223580922522173 6.525593125723819 7.547951217976036 5.503235033471602 8.570309310228254 4.480876941219384 6.711132681564251
neg200mV 1us 91.71264770949722 9.16767140058101 2.7044467133407846 496.0 1.0595590066289415 6.728756853773533 7.788315860402475 5.669197847144591 8.847874867031416 4.60963884051565 7.712647709497219
neg200mV 1us 92.71416273743019 9.58088104116202 2.807622706592181 496.0 1.0940567305578273 6.975147473134319 8.069204203692147 5.881090742576491 9.163260934249973 4.7870340120186645 8.714162737430186
neg200mV 1us 93.71567776536314 9.7279834250905 3.0389790402234675 496.0 1.087715448167924 7.248156738573609 8.335872186741533 6.160441290405685 9.423587634909458 5.072725842237761 9.71567776536314
neg200mV 1us 94.7171927932961 9.627707086400006 3.4785816870882775 496.0 1.0565283667782899 7.517686383688125 8.574214750466416 6.4611580169098355 9.630743117244705 5.404629650131545 10.717192793296107
neg200mV 1us 95.71870782122906 9.769574070596647 4.045669181796654 496.0 0.9864707199482233 7.780266802407829 8.766737522356053 6.793796082459606 9.753208242304275 5.807325362511382 11.71870782122906
neg200mV 1us 96.72022284916203 9.875231539772074 4.200690199731843 496.0 0.9114420540768997 7.995619041669892 8.907061095746792 7.0841769875929925 9.818503149823691 6.172734933516093 12.720222849162028
neg200mV 1us 97.72173787709498 9.804812244402234 4.319127197515084 496.0 0.8271975961180795 8.125449742653663 8.952647338771742 7.298252146535583 9.779844934889821 6.471054550417504 13.72173787709498
neg200mV 1us 98.72325290502795 9.58627496319106 4.6032533426726285 496.0 0.7437808614384208 8.158940861582318 8.902721723020738 7.415160000143897 9.64650258445916 6.671379138705476 14.723252905027948
neg200mV 1us 99.7247679329609 9.628655496089387 4.925041834797765 496.0 0.6892844010832402 8.121233730787235 8.810518131870476 7.431949329703995 9.499802532953716 6.742664928620755 15.724767932960901
neg200mV 1us 100.72628296089387 9.603405046735194 4.98239160473743 496.0 0.6557254947842945 8.0871013514994 8.742826846283695 7.431375856715106 9.39855234106799 6.775650361930811 16.72628296089387
neg200mV 1us 101.72779798882684 9.503918086185472 5.022442311079329 496.0 0.6162641919503093 8.07415192299101 8.69041611494132 7.457887731040701 9.306680306891629 6.841623539090392 17.727797988826836
neg200mV 1us 102.72931301675979 9.43667386431285 5.008007905635755 496.0 0.5813785136191857 8.10122018683681 8.682598700455996 7.519841673217625 9.263977214075181 6.938463159598439 18.72931301675979
neg200mV 1us 103.73082804469276 9.417654184849162 5.247249713430172 496.0 0.5659393019919209 8.172733205209797 8.738672507201718 7.606793903217876 9.304611809193638 7.040854601225955 19.730828044692757
neg200mV 1us 104.73234307262571 9.447070760572068 5.341904335249163 496.0 0.5694006160090564 8.286142350894572 8.855542966903629 7.716741734885516 9.424943582912684 7.147341118876459 20.73234307262571
neg200mV 1us 105.73385810055868 9.575022644719557 5.428428290073734 496.0 0.5866564043638676 8.446811242993952 9.03346764735782 7.860154838630085 9.620124051721687 7.273498434266218 21.733858100558678
neg200mV 1us 106.73537312849163 9.927037810949727 5.156726685054746 496.0 0.6080541202824123 8.646050655734815 9.254104776017227 8.037996535452402 9.86215889629964 7.4299424151699895 22.73537312849163
neg200mV 1us 107.7368881564246 10.153777567150843 5.04113059715754 496.0 0.6334171320835671 8.8757767096008 9.509193841684366 8.242359577517233 10.142610973767933 7.608942445433666 23.736888156424598
neg200mV 1us 108.73840318435755 10.550976838614524 5.068711654699442 496.0 0.6547033970403513 9.118886636621468 9.773590033661819 8.464183239581118 10.42829343070217 7.809479842540766 24.73840318435755
neg200mV 1us 109.73991821229052 10.698359701184362 5.075830596826816 496.0 0.6609815386662122 9.342242934421995 10.003224473088206 8.681261395755783 10.66420601175442 8.02027985708957 25.73991821229052
neg200mV 1us 110.74143324022347 10.937313143955308 5.073631013327377 496.0 0.6736724656132391 9.497087458703511 10.17075992431675 8.823414993090273 10.84443238992999 8.149742527477033 26.741433240223472
neg200mV 1us 111.74294826815644 11.03700058042458 5.302016637595523 496.0 0.6993775022218286 9.543736311577355 10.243113813799184 8.844358809355526 10.942491316021012 8.144981307133698 27.74294826815644
neg200mV 1us 112.7444632960894 11.118357292782122 5.413219107003348 496.0 0.752294409643195 9.468364069248633 10.220658478891828 8.716069659605438 10.972952888535023 7.963775249962243 28.744463296089407
neg200mV 1us 113.74597832402236 11.113645138341896 5.551145821675981 496.0 0.8017738390632069 9.286340741939695 10.088114581002902 8.484566902876487 10.889888420066109 7.682793063813281 29.74597832402236
neg200mV 1us 114.74749335195533 10.962805985220118 5.290368889868148 496.0 0.8461000466340651 9.027482929700277 9.873582976334342 8.181382883066211 10.719683022968407 7.335282836432146 30.747493351955328
neg200mV 1us 115.74900837988828 10.659187528929607 4.89109136809385 496.0 0.8721631672255217 8.738439964534862 9.610603131760383 7.86627679730934 10.482766298985906 6.9941136300838185 31.74900837988828
neg200mV 1us 116.75052340782125 10.51117328191285 4.606756565559772 496.0 0.8929646501935721 8.437836298728467 9.33080094892204 7.544871648534895 10.22376559911561 6.651906998341323 32.75052340782125
neg200mV 1us 117.7520384357542 10.578145298802237 4.477455085479329 496.0 0.913735899251407 8.161373851219716 9.075109750471123 7.24763795196831 9.98884564972253 6.333902052716902 33.7520384357542
neg200mV 1us 118.75355346368717 10.306890569296081 4.192006679615634 496.0 0.9319979073053789 7.922536272220168 8.854534179525547 6.990538364914789 9.786532086830926 6.058540457609411 34.75355346368717
neg200mV 1us 119.75506849162012 10.03580939291173 3.9172453323351926 496.0 0.9433360774349038 7.726577495548348 8.669913572983251 6.783241418113445 9.613249650418155 5.83990534067854 35.75506849162012
neg200mV 1us 120.75658351955309 9.793030995539661 3.8581992144357544 496.0 0.9433482249320334 7.591332122977644 8.534680347909678 6.64798389804561 9.47802857284171 5.704635673113577 36.75658351955309
neg200mV 1us 121.75809854748604 9.74191237293408 3.5072382162949673 496.0 0.9431805570149258 7.529321007565868 8.472501564580794 6.586140450550943 9.41568212159572 5.642959893536017 37.75809854748604
neg200mV 1us 122.75961357541901 9.900576285032404 3.2263569892067006 496.0 0.9530899392125636 7.54855546742048 8.501645406633044 6.5954655282079155 9.454735345845606 5.642375588995352 38.75961357541901
neg200mV 1us 123.76112860335196 10.33209781546369 3.1562290443709506 496.0 0.9701420251362164 7.649033327632982 8.619175352769199 6.6788913024967655 9.589317377905415 5.70874927736055 39.76112860335196
neg200mV 1us 124.76264363128494 10.84747322742795 3.2422473076916254 496.0 0.9902408481298887 7.8271277660282905 8.817368614158179 6.8368869178984015 9.807609462288069 5.846646069768513 40.762643631284945
neg200mV 1us 125.7641586592179 11.454006876067053 3.4483684288000065 496.0 1.0083629304709392 8.090865548425755 9.099228478896695 7.082502617954816 10.107591409367634 6.074139687483877 41.7641586592179
neg200mV 1us 126.76567368715085 12.139190999986603 3.8228777747620195 496.0 1.0328044329038197 8.424592822475857 9.457397255379677 7.391788389572037 10.490201688283497 6.358983956668217 42.76567368715085
neg200mV 1us 127.7671887150838 12.892358811307268 4.268017769005589 496.0 1.0614810125879157 8.820974578614253 9.882455591202168 7.759493566026338 10.943936603790085 6.698012553438422 43.767188715083805
neg200mV 1us 128.76870374301677 13.737836454851408 4.729673656777653 496.0 1.0873832605910483 9.273801194043157 10.361184454634206 8.186417933452109 11.448567715225254 7.099034672861061 44.76870374301677
neg200mV 1us 129.77021877094973 14.576545062203357 5.055749198096087 496.0 1.1115787205055745 9.77882067974063 10.890399400246205 8.667241959235055 12.00197812075178 7.555663238729481 45.770218770949725
neg200mV 1us 130.77173379888268 15.31527026288268 5.494097475039097 496.0 1.132029642252065 10.333331332208072 11.465360974460136 9.201301689956008 12.597390616712202 8.069272047703942 46.77173379888268
neg200mV 1us 131.77324882681563 16.019489009966474 6.100006549894955 496.0 1.155689564584771 10.922536738851269 12.07822630343604 9.766847174266498 13.23391586802081 8.611157609681728 47.77324882681563
neg200mV 1us 132.7747638547486 16.803857421327383 6.8066612533810025 496.0 1.2033476737487103 11.560496004728938 12.763843678477649 10.357148330980227 13.967191352226358 9.153800657231518 48.77476385474861
neg200mV 1us 133.77627888268157 17.65985039122235 8.480325571486027 496.0 1.1972985285866806 12.221881197801046 13.419179726387727 11.024582669214366 14.616478254974407 9.827284140627686 49.77627888268157
neg200mV 1us 134.77779391061452 18.5601161802905 9.056664013264792 496.0 1.217539238524758 12.909999655446855 14.127538893971613 11.692460416922097 15.345078132496372 10.474921178397338 50.77779391061452
neg200mV 1us 135.7793089385475 19.3719177182123 9.700395019048043 496.0 1.2637864777943755 13.622595424049731 14.886381901844107 12.358808946255355 16.150168379638483 11.09502246846098 51.7793089385475
neg200mV 1us 136.78082396648045 20.0 10.37353734087597 496.0 1.2755538889620228 14.34101132500504 15.616565213967062 13.065457436043017 16.892119102929087 11.789903547080995 52.780823966480455
neg200mV 1us 137.7823389944134 20.0 11.101147959311719 496.0 1.28492157313363 15.085756199542285 16.370677772675915 13.800834626408655 17.655599345809545 12.515913053275025 53.78233899441341
neg200mV 1us 138.78385402234636 20.0 11.874644163463667 496.0 1.2945531509962085 15.853574498372906 17.148127649369115 14.559021347376698 18.442680800365324 13.264468196380488 54.78385402234636
neg200mV 1us 139.78536905027934 20.0 12.6858477939486 496.0 1.3037556697595367 16.59782778711245 17.901583456871986 15.294072117352913 19.205339126631525 13.990316447593377 55.78536905027934
neg200mV 1us 140.7868840782123 20.0 13.5021906014972 496.0 1.3080285203014275 17.328234020753385 18.636262541054812 16.020205500451958 19.94429106135624 14.71217698015053 56.786884078212296
neg200mV 1us 141.78839910614525 20.0 13.638115407517327 496.0 1.2389700400527386 18.009784585347173 19.24875462539991 16.770814545294435 20.48772466545265 15.531844505241697 57.78839910614525
neg200mV 1us 142.7899141340782 20.0 13.595919210793294 496.0 1.1112808409342205 18.606071401845302 19.717352242779523 17.49479056091108 20.828633083713743 16.38350971997686 58.7899141340782
neg200mV 1us 143.79142916201118 20.0 13.465257018770949 496.0 0.9674719724120561 19.019976337102566 19.987448309514622 18.05250436469051 20.95492028192668 17.085032392278453 59.791429162011184
neg200mV 1us 144.79294418994414 20.0 13.400397700446927 496.0 0.8700242968391623 19.273559147972712 20.143583444811874 18.40353485113355 21.013607741651036 17.533510554294388 60.79294418994414
neg200mV 1us 145.7944592178771 20.0 13.406778047177655 496.0 0.8016162402751835 19.419099497386707 20.22071573766189 18.617483257111523 21.022331977937075 17.81586701683634 61.79445921787709
neg200mV 1us 146.79597424581007 20.0 13.439111107919555 496.0 0.7855176629735295 19.483526602785677 20.269044265759206 18.698008939812148 21.054561928732735 17.91249127683862 62.79597424581007
neg200mV 1us 147.79748927374303 20.0 13.511629826377655 496.0 0.7708044512461116 19.52470682648489 20.295511277731002 18.75390237523878 21.066315728977116 17.983097923992666 63.797489273743025
neg200mV 1us 148.79900430167598 20.0 13.6545333805095 496.0 0.7745621847221014 19.547963656403425 20.322525841125525 18.773401471681325 21.09708802584763 17.99883928695922 64.79900430167598
neg200mV 1us 149.80051932960893 20.0 13.872368244916203 496.0 0.8019277517862159 19.547449315736557 20.349377067522774 18.74552156395034 21.15130481930899 17.943593812164124 65.80051932960893
neg200mV 1us 150.8020343575419 20.0 14.160993348420119 496.0 0.8457236720813385 19.531152541809277 20.376876213890615 18.68542886972794 21.222599885971952 17.8397051976466 66.80203435754191
neg200mV 1us 151.80354938547487 20.0 14.516296746493863 496.0 0.9066062465393397 19.508171706064296 20.414777952603636 18.601565459524956 21.321384199142976 17.694959212985616 67.80354938547487
neg200mV 1us 152.80506441340782 20.0 14.93367914565367 496.0 0.9859608225999964 19.48872608238054 20.474686904980537 18.502765259780546 21.460647727580533 17.51680443718055 68.80506441340782
neg200mV 1us 153.80657944134077 20.0 15.400119399722907 496.0 0.9598433794174173 19.503823501376477 20.463666880793895 18.54398012195906 21.423510260211312 17.58413674254164 69.80657944134077
neg200mV 1us 154.80809446927375 20.0 15.918453152581018 496.0 0.9161250013563241 19.526286022680317 20.44241102403664 18.610161021323993 21.358536025392965 17.69403601996767 70.80809446927375
neg200mV 1us 155.8096094972067 20.0 16.468582347646937 496.0 0.8643951344964199 19.556567953203313 20.420963087699732 18.692172818706894 21.28535822219615 17.827777684210474 71.80960949720671
neg200mV 1us 156.81112452513966 20.0 16.30486221996425 496.0 0.8060095920236555 19.587680716993503 20.39369030901716 18.781671124969847 21.199699901040816 17.97566153294619 72.81112452513966
neg200mV 1us 157.81263955307264 20.0 16.05135948508603 496.0 0.7287413586499359 19.6254271554919 20.354168514141836 18.89668579684196 21.08290987279177 18.167944438192027 73.81263955307264
neg200mV 1us 158.8141545810056 20.0 15.856073327754189 496.0 0.6411517198918745 19.660225290690306 20.30137701058218 19.019073570798433 20.942528730474056 18.377921850906557 74.8141545810056
neg200mV 1us 159.81566960893855 20.0 15.7191798624 496.0 0.5930867698080518 19.700902080812345 20.293988850620398 19.10781531100429 20.887075620428448 18.51472854119624 75.81566960893855
neg200mV 1us 160.8171846368715 20.0 15.649144053993297 496.0 0.5559629911336023 19.743280482886266 20.299243474019868 19.187317491752665 20.855206465153472 18.63135450061906 76.8171846368715
neg200mV 1us 161.81869966480448 20.0 15.63971692973408 496.0 0.5291789955988947 19.781343523873456 20.31052251947235 19.252164528274562 20.839701515071244 18.72298553267567 77.81869966480448
neg200mV 1us 162.82021469273744 20.0 15.696528111906147 496.0 0.4985638368471567 19.81150817253777 20.31007200938493 19.312944335690613 20.808635846232082 18.81438049884346 78.82021469273744
neg200mV 1us 163.8217297206704 20.0 15.815582910569832 496.0 0.46034879825312214 19.84067981340418 20.3010286116573 19.380331015151057 20.761377409910423 18.919982216897935 79.82172972067039
neg200mV 1us 164.82324474860334 20.0 15.994479682154187 496.0 0.41603888539940703 19.868800570605888 20.284839456005294 19.452761685206482 20.700878341404703 19.036722799807073 80.82324474860334
neg200mV 1us 165.82475977653633 20.0 16.231181346931844 496.0 0.3680908041774978 19.89471683588165 20.262807640059147 19.52662603170415 20.630898444236646 19.158535227526652 81.82475977653633
neg200mV 1us 166.82627480446928 20.0 16.524511122471505 496.0 0.31836490725200317 19.91509949185742 20.233464399109423 19.596734584605414 20.551829306361427 19.27836967735341 82.82627480446928
neg200mV 1us 167.82778983240223 20.0 16.87288155075754 496.0 0.26883707107490634 19.93248845277089 20.201325523845796 19.663651381695985 20.4701625949207 19.39481431062108 83.82778983240223
neg200mV 1us 168.8293048603352 20.0 17.27127874026816 496.0 0.21570661020055074 19.949570599359152 20.165277209559704 19.7338639891586 20.380983819760253 19.51815737895805 84.82930486033521
neg200mV 1us 169.83081988826817 20.0 17.7213564727419 496.0 0.1653381338457279 19.964407487904214 20.129745621749944 19.799069354058485 20.29508375559567 19.63373122021276 85.83081988826817
neg200mV 1us 170.83233491620112 20.0 18.214804009546363 496.0 0.11909447768667845 19.976537276784587 20.095631754471267 19.857442799097907 20.214726232157943 19.73834832141123 86.83233491620112
neg200mV 1us 171.83384994413407 20.0 18.748181345787703 496.0 0.07209369979750659 19.987316665361245 20.05941036515875 19.91522296556374 20.131504064956257 19.843129265766233 87.83384994413407
neg200mV 1us 172.83536497206705 20.0 19.32598425406928 496.0 0.03402425219370828 19.995187479511188 20.029211731704898 19.961163227317478 20.063235983898604 19.92713897512377 88.83536497206705
neg200mV 1us 173.83688 20.0 19.93731 496.0 0.002814864096014766 19.99987360887097 20.002688472966984 19.997058744774957 20.005503337063 19.99424388067894 89.83688000000001
pos200mV 1us -5.43431 20.0 19.90579 532.0 0.00408452151144339 19.999822913533837 20.00390743504528 19.995738392022393 20.007991956556722 19.99165387051095 -89.43431
pos200mV 1us -4.432794972067039 20.0 19.38950572444246 532.0 0.0600293338612463 19.962240974691447 20.02227030855269 19.902211640830203 20.08229964241394 19.842182306968954 -88.43279497206704
pos200mV 1us -3.431279944134078 20.0 18.840949278480444 532.0 0.1011294922448251 19.944821784532277 20.045951276777103 19.84369229228745 20.147080769021926 19.742562800042627 -87.43127994413408
pos200mV 1us -2.4297649162011172 20.0 18.339950682306146 532.0 0.1590183724949549 19.920975119256525 20.07999349175148 19.76195674676157 20.239011864246436 19.602938374266614 -86.42976491620112
pos200mV 1us -1.428249888268156 20.0 17.88481095444916 532.0 0.22492983867071964 19.89114608122883 20.116075919899547 19.66621624255811 20.34100575857027 19.44128640388739 -85.42824988826816
pos200mV 1us -0.4267348603351948 20.0 17.477702057206702 532.0 0.2941634062313242 19.85617941180663 20.150342818037952 19.562016005575305 20.444506224269276 19.267852599343982 -84.42673486033519
pos200mV 1us 0.5747801675977655 20.0 17.12655762892514 532.0 0.36340055327855336 19.81617460925441 20.179575162532963 19.45277405597586 20.54297571581152 19.089373502697303 -83.42521983240223
pos200mV 1us 1.5762951955307267 20.0 16.8329186098324 532.0 0.42966933957302167 19.77196845046601 20.20163779003903 19.342299110892988 20.63130712961205 18.912629771319967 -82.42370480446927
pos200mV 1us 2.577810223463688 20.0 16.59892429066369 532.0 0.49162831938166196 19.72005993931521 20.21168825869687 19.22843161993355 20.703316578078535 18.736803300551884 -81.42218977653631
pos200mV 1us 3.5793252513966483 20.0 16.43037026813855 532.0 0.5404621029582435 19.64783268088898 20.188294783847223 19.107370577930734 20.728756886805463 18.566908474972493 -80.42067474860335
pos200mV 1us 4.58084027932961 20.0 16.15014048898324 532.0 0.5878841569127236 19.581659823166454 20.169543980079176 18.993775666253732 20.7574281369919 18.405891509341007 -79.4191597206704
pos200mV 1us 5.582355307262571 20.0 15.533542791825697 532.0 0.6352308900029079 19.521952880111993 20.1571837701149 18.886721990109084 20.79241466011781 18.251491100106175 -78.41764469273743
pos200mV 1us 6.583870335195531 20.0 14.97938111889162 532.0 0.6801025158604618 19.470112132238693 20.150214648099155 18.79000961637823 20.830317163959617 18.10990710051777 -77.41612966480447
pos200mV 1us 7.585385363128493 20.0 14.495333199964245 532.0 0.734620133965109 19.426716383746278 20.161336517711387 18.69209624978117 20.895956651676496 17.95747611581606 -76.4146146368715
pos200mV 1us 8.586900391061453 20.0 14.08769344448715 532.0 0.7901099213084593 19.392148587830746 20.182258509139206 18.602038666522287 20.972368430447666 17.811928745213827 -75.41309960893855
pos200mV 1us 9.588415418994416 20.0 13.765372322100557 532.0 0.8290908331066136 19.37925919741404 20.208350030520652 18.550168364307428 21.037440863627268 17.721077531200812 -74.41158458100558
pos200mV 1us 10.589930446927376 20.0 13.53206127687151 532.0 0.8717548591225155 19.374463811783805 20.24621867090632 18.50270895266129 21.117973530028834 17.630954093538776 -73.41006955307262
pos200mV 1us 11.591445474860336 20.0 13.36475832780782 532.0 0.9072940585730009 19.364705956108416 20.272000014681417 18.457411897535415 21.179294073254418 17.550117838962414 -72.40855452513966
pos200mV 1us 12.592960502793296 20.0 13.221014894909498 532.0 0.9350296686115206 19.353162914147376 20.288192582758896 18.418133245535856 21.223222251370416 17.483103576924336 -71.40703949720671
pos200mV 1us 13.59447553072626 20.0 13.192891484277098 532.0 0.9532725638482101 19.346554594358643 20.299827158206853 18.393282030510434 21.253099722055065 17.44000946666222 -70.40552446927374
pos200mV 1us 14.59599055865922 20.0 13.277958291664804 532.0 0.9588351945160414 19.344438429818144 20.303273624334185 18.385603235302103 21.262108818850226 17.42676804078606 -69.40400944134078
pos200mV 1us 15.597505586592181 20.0 13.399770244353073 532.0 1.0136645281373737 19.323075365219143 20.336739893356516 18.30941083708177 21.35040442149389 17.295746308944395 -68.40249441340782
pos200mV 1us 16.59902061452514 20.0 13.62515591736313 532.0 0.9926540769785486 19.326560427261875 20.319214504240424 18.333906350283325 21.31186858121897 17.34125227330478 -67.40097938547486
pos200mV 1us 17.6005356424581 20.0 13.944111334918436 532.0 0.9330047681710664 19.323928265071228 20.256933033242294 18.39092349690016 21.18993780141336 17.457918728729094 -66.3994643575419
pos200mV 1us 18.602050670391062 20.0 14.350222463088269 532.0 0.9211705037353961 19.274586684188034 20.19575718792343 18.353416180452637 21.116927691658827 17.43224567671724 -65.39794932960893
pos200mV 1us 19.603565698324026 20.0 14.769211008111732 532.0 0.9791844763544945 19.18087913768156 20.160063614036055 18.201694661327068 21.13924809039055 17.222510184972574 -64.39643430167598
pos200mV 1us 20.605080726256986 20.0 14.462137815213408 532.0 1.0462819535230685 19.09483515499825 20.141117108521318 18.048553201475183 21.18739906204439 17.002271247952113 -63.394919273743014
pos200mV 1us 21.606595754189946 20.0 13.773462208665919 532.0 1.0976199758337817 19.017526781179694 20.115146757013477 17.91990680534591 21.212766732847257 16.82228682951213 -62.39340424581005
pos200mV 1us 22.608110782122907 20.0 13.108775641358658 532.0 1.178155643363315 18.870995463624386 20.0491511069877 17.69283982026107 21.227306750351016 16.514684176897756 -61.39188921787709
pos200mV 1us 23.609625810055867 20.0 12.49801371827933 532.0 1.2657788202365956 18.72304494835055 19.988823768587146 17.457266128113957 21.254602588823744 16.19148730787736 -60.39037418994413
pos200mV 1us 24.61114083798883 20.0 11.96065926491173 532.0 1.3093977464659967 18.59024845816919 19.899646204635186 17.28085071170319 21.209043951101183 15.971452965237194 -59.38885916201117
pos200mV 1us 25.61265586592179 20.0 11.05246612147486 532.0 1.451707987479854 18.43793541019078 19.889643397670632 16.986227422710925 21.341351385150485 15.53451943523107 -58.387344134078205
pos200mV 1us 26.61417089385475 20.0 11.086587173680448 532.0 1.5429050254466339 18.23979667250046 19.782701697947093 16.696891647053828 21.32560672339373 15.153986621607192 -57.38582910614525
pos200mV 1us 27.615685921787712 20.0 10.869195905792179 532.0 1.6649809715272896 18.02312797994853 19.68810895147582 16.35814700842124 21.35308992300311 14.69316603689395 -56.384314078212284
pos200mV 1us 28.617200949720672 19.974735335047587 10.654443826467038 532.0 1.7852541051349005 17.751663510644548 19.536917615779448 15.966409405509648 21.322171720914348 14.181155300374748 -55.38279905027933
pos200mV 1us 29.618715977653633 19.91733412097176 10.383143874502792 532.0 1.8304795002870402 17.307908804310117 19.138388304597157 15.477429304023076 20.968867804884198 13.646949803736035 -54.381284022346364
pos200mV 1us 30.620231005586593 19.91660826585028 10.100696747959775 532.0 1.8246931225443315 16.798937986024107 18.62363110856844 14.974244863479775 20.44832423111277 13.149551740935443 -53.37976899441341
pos200mV 1us 31.621746033519553 19.927022673716202 9.117417121313967 532.0 1.8110097299962458 16.245248286309533 18.05625801630578 14.434238556313288 19.867267746302023 12.62322882631704 -52.37825396648044
pos200mV 1us 32.623261061452524 19.772289135825694 8.83425577604469 532.0 1.7644368051977217 15.679317198647164 17.443754003844887 13.914880393449442 19.208190809042605 12.15044358825172 -51.376738938547476
pos200mV 1us 33.62477608938548 19.89064351143687 8.31169867488715 532.0 1.7358386455049957 15.119378301678566 16.85521694718356 13.38353965617357 18.59105559268856 11.647701010668575 -50.37522391061452
pos200mV 1us 34.626291117318445 19.298557446659213 7.824077579459216 532.0 1.6970931362842254 14.570391934159517 16.26748507044374 12.873298797875291 17.964578206727968 11.176205661591066 -49.373708882681555
pos200mV 1us 35.6278061452514 18.668756016840224 7.3889169610994445 532.0 1.666667375515482 14.024388168294237 15.69105554380972 12.357720792778755 17.3577229193252 10.691053417263273 -48.3721938547486
pos200mV 1us 36.629321173184366 18.04696028811173 7.065157285693853 532.0 1.6427530364231127 13.47588784527241 15.118640881695523 11.833134808849298 16.761393918118635 10.190381772426186 -47.370678826815634
pos200mV 1us 37.63083620111732 17.45797228665922 6.773917600558659 532.0 1.6218604721520122 12.936239251845905 14.558099723997916 11.314378779693893 16.179960196149928 9.69251830754188 -46.36916379888268
pos200mV 1us 38.632351229050286 16.800718725398877 6.5566233145385455 532.0 1.602618952742927 12.404876875223778 14.007495827966705 10.80225792248085 15.610114780709631 9.199638969737924 -45.367648770949714
pos200mV 1us 39.63386625698324 16.072252517005587 6.495205398261453 532.0 1.5804595306763918 11.8815355497111 13.46199508038749 10.301076019034708 15.042454611063883 8.720616488358315 -44.36613374301676
pos200mV 1us 40.63538128491621 15.372521779173182 6.62535770093408 532.0 1.5578358228818185 11.37239170922458 12.930227532106398 9.814555886342761 14.488063354988217 8.256720063460943 -43.36461871508379
pos200mV 1us 41.63689631284916 14.706318237917321 6.300532680044694 532.0 1.5450544685267549 10.874610014730441 12.419664483257197 9.329555546203686 13.96471895178395 7.784501077676932 -42.36310368715084
pos200mV 1us 42.63841134078213 14.080111577452511 5.224631289385472 532.0 1.5275742537119128 10.40542961403062 11.933003867742533 8.877855360318707 13.460578121454446 7.350281106606794 -41.36158865921787
pos200mV 1us 43.639926368715095 13.494552383928486 4.710373250096084 532.0 1.5058932027019016 9.971157611638478 11.47705081434038 8.465264408936577 12.982944017042282 6.959371206234675 -40.360073631284905
pos200mV 1us 44.64144139664805 12.964610009836871 3.827568812835753 532.0 1.479983195228075 9.574260631236413 11.054243826464488 8.094277436008339 12.534227021692564 6.6142942407802625 -39.35855860335195
pos200mV 1us 45.642956424581016 12.486227118829046 3.6103553150167587 532.0 1.4446997926057197 9.215007166985231 10.65970695959095 7.770307374379511 12.10440675219667 6.325607581773792 -38.357043575418984
pos200mV 1us 46.64447145251397 12.068377459830169 3.609559008393296 532.0 1.4085680441808386 8.89960964191105 10.30817768609189 7.491041597730212 11.716745730272727 6.082473553549374 -37.35552854748603
pos200mV 1us 47.645986480446936 11.72027052362011 3.702007573877097 532.0 1.3726462407390672 8.633640421439317 10.006286662178384 7.26099418070025 11.378932902917452 5.888347939961182 -36.354013519553064
pos200mV 1us 48.64750150837989 11.432221794985475 4.0008505207061456 532.0 1.3464673341190945 8.410898320994287 9.75736565511338 7.064430986875192 11.103832989232476 5.717963652756097 -35.35249849162011
pos200mV 1us 49.64901653631286 11.294317947280447 2.077280604893826 532.0 1.3550218309701088 8.22729910695247 9.58232093792258 6.872277275982362 10.937342768892687 5.517255445012253 -34.35098346368714
pos200mV 1us 50.65053156424581 11.037650377001118 1.9108573428111746 532.0 1.3403007526471844 8.101757960263441 9.442058712910626 6.761457207616257 10.78235946555781 5.421156454969072 -33.34946843575419
pos200mV 1us 51.65204659217878 10.815285230837988 1.9127293541452526 532.0 1.344066820446189 8.010120558419421 9.35418737886561 6.6660537379732325 10.6982541993118 5.321986917527044 -32.34795340782122
pos200mV 1us 52.65356162011173 10.871989451959777 2.198120633278213 532.0 1.3543324790700701 7.952255758137829 9.3065882372079 6.597923279067759 10.66092071627797 5.243590799997689 -31.34643837988827
pos200mV 1us 53.6550766480447 11.020074512773185 1.9629586797050267 532.0 1.3601654642043022 7.943417834846594 9.303583299050896 6.583252370642292 10.663748763255198 5.22308690643799 -30.344923351955302
pos200mV 1us 54.656591675977666 10.939663173944133 1.4024452427798895 532.0 1.397998473454095 7.973051739217263 9.371050212671358 6.575053265763168 10.769048686125453 5.1770547923090735 -29.343408324022334
pos200mV 1us 55.65810670391062 11.047059756004469 1.3519386443977641 532.0 1.4136309111295429 8.034345941806972 9.447976852936515 6.620715030677429 10.861607764066058 5.207084119547886 -28.34189329608938
pos200mV 1us 56.659621731843586 11.154860968205591 1.3273960012871477 532.0 1.4106729815843875 8.127684855602178 9.538357837186565 6.717011874017791 10.949030818770954 5.306338892433403 -27.340378268156414
pos200mV 1us 57.66113675977654 11.368412827481565 1.46392607804693 532.0 1.4298074971571089 8.220561550374898 9.650369047532006 6.790754053217789 11.080176544689115 5.36094655606068 -26.33886324022346
pos200mV 1us 58.66265178770951 11.243962486543017 1.834994734525146 532.0 1.4347022500578615 8.33247885747681 9.767181107534672 6.897776607418948 11.201883357592532 5.463074357361087 -25.337348212290493
pos200mV 1us 59.664166815642474 11.737731114145253 2.257953882972075 532.0 1.403735903488799 8.43970718390661 9.843443087395409 7.03597128041781 11.247178990884208 5.632235376929011 -24.335833184357526
pos200mV 1us 60.66568184357543 12.134327847258099 2.8345455799597845 532.0 1.3516463543337367 8.549365139729739 9.901011494063475 7.1977187853960025 11.252657848397213 5.846072431062265 -23.334318156424573
pos200mV 1us 61.667196871508395 12.333411718672625 3.1491117780379883 532.0 1.3023364958749748 8.661639147798397 9.963975643673372 7.3593026519234215 11.266312139548347 6.056966156048447 -22.332803128491605
pos200mV 1us 62.66871189944135 12.208072160232403 3.2363894388737453 532.0 1.2567902129529716 8.78057512654483 10.037365339497802 7.523784913591859 11.294155552450773 6.266994700638888 -21.331288100558652
pos200mV 1us 63.670226927374316 11.882462784151954 3.5955705892379957 532.0 1.1972852582897155 8.898215451607667 10.095500709897383 7.7009301933179515 11.292785968187099 6.503644935028236 -20.329773072625684
pos200mV 1us 64.67174195530727 11.504918996156423 4.060007793984356 532.0 1.1364048068376913 8.991687897759972 10.128092704597663 7.85528309092228 11.264497511435355 6.718878284084589 -19.32825804469273
pos200mV 1us 65.67325698324024 11.22166896364692 4.001501966717318 532.0 1.0824037103442181 9.034304781769922 10.11670849211414 7.951901071425704 11.199112202458359 6.869497361081486 -18.326743016759764
pos200mV 1us 66.67477201117319 10.999734713175416 4.182987778368714 532.0 1.0352947717578107 9.024256121588584 10.059550893346394 7.988961349830773 11.094845665104206 6.953666578072962 -17.32522798882681
pos200mV 1us 67.67628703910616 10.904298335901682 4.50585416807598 532.0 0.9836437196687505 8.960080292244347 9.943724011913098 7.976436572575597 10.927367731581848 6.992792852906846 -16.323712960893843
pos200mV 1us 68.67780206703911 10.753588862319553 4.733089315217878 532.0 0.9243781978228617 8.834390331516063 9.758768529338925 7.910012133693201 10.683146727161787 6.98563393587034 -15.32219793296089
pos200mV 1us 69.67931709497208 10.517865346042457 4.459227033005587 532.0 0.8705310073996962 8.6851199799229 9.555650987322597 7.814588972523204 10.426181994722294 6.944057965123508 -14.320682905027923
pos200mV 1us 70.68083212290504 10.340370862064804 4.407419433197767 532.0 0.8214871248817306 8.526899968066942 9.348387092948673 7.705412843185211 10.169874217830404 6.883925718303481 -13.319167877094955
pos200mV 1us 71.682347150838 10.220431901863686 4.624214819919554 532.0 0.7842842636427305 8.362529726301785 9.146813989944516 7.578245462659055 9.931098253587246 6.793961199016325 -12.317652849162002
pos200mV 1us 72.68386217877097 9.92222443740782 5.015366864858098 532.0 0.7423005565860132 8.203519087640343 8.945819644226356 7.46121853105433 9.688120200812369 6.718917974468317 -11.316137821229034
pos200mV 1us 73.68537720670392 9.675351730484916 4.703190298618992 532.0 0.7108402768460282 8.05372724450713 8.764567521353158 7.3428869676611015 9.475407798199186 6.6320466908150735 -10.314622793296081
pos200mV 1us 74.68689223463689 9.549282024044695 4.341668351575415 532.0 0.6881440622395407 7.918581203535956 8.606725265775497 7.230437141296415 9.294869328015038 6.542293079056874 -9.313107765363114
pos200mV 1us 75.68840726256984 9.396976418265924 3.9785329062525125 532.0 0.6829378548241836 7.796200496085052 8.479138350909235 7.113262641260868 9.162076205733419 6.430324786436685 -8.31159273743016
pos200mV 1us 76.6899222905028 9.259610620442459 3.6212781578949693 532.0 0.6849782095880746 7.700516127316719 8.385494336904793 7.015537917728644 9.07047254649287 6.33055970814057 -7.310077709497193
pos200mV 1us 77.69143731843576 9.204563393465921 3.46746822830838 532.0 0.6886309507097399 7.6375436447064216 8.32617459541616 6.948912693996681 9.014805546125901 6.260281743286942 -6.30856268156424
pos200mV 1us 78.69295234636873 9.251020478587709 3.422375551678211 532.0 0.6939324825804354 7.598787393354659 8.292719875935095 6.904854910774223 8.98665235851553 6.210922428193788 -5.3070476536312725
pos200mV 1us 79.69446737430168 9.392359620245806 3.348508018994414 532.0 0.6950647944651324 7.563460217085117 8.25852501155025 6.868395422619985 8.953589806015382 6.173330628154853 -4.305532625698319
pos200mV 1us 80.69598240223465 9.292437087740785 3.5666977084290528 532.0 0.691812139023617 7.521438643356729 8.213250782380346 6.8296265043331115 8.905062921403962 6.137814365309494 -3.304017597765352
pos200mV 1us 81.69749743016762 9.175609706395534 3.936954241162004 532.0 0.6875226396315631 7.475319627281177 8.16284226691274 6.787796987649614 8.850364906544304 6.100274348018051 -2.3025025698323844
pos200mV 1us 82.69901245810057 9.182492056250275 3.753450287544133 532.0 0.6774077525418988 7.423245898948649 8.100653651490548 6.745838146406751 8.778061404032448 6.068430393864852 -1.3009875418994312
pos200mV 1us 83.70052748603354 8.984604953072623 3.9503016360044705 532.0 0.6630042955413902 7.370715654560857 8.033719950102247 6.707711359019466 8.696724245643637 6.044707063478077 -0.2994725139664638
pos200mV 1us 84.70204251396649 8.947203189617877 4.110392519579891 532.0 0.6497640113201806 7.3164517475591655 7.966215758879346 6.666687736238985 8.615979770199527 6.016923724918804 0.7020425139664894
pos200mV 1us 85.70355754189946 8.898617208728488 4.467594909792187 532.0 0.6437400835476825 7.246741468812108 7.890481552359791 6.603001385264426 8.534221635907473 5.959261301716744 1.7035575418994569
pos200mV 1us 86.70507256983241 8.921291275655868 4.528349164648042 532.0 0.6376729093708028 7.174752222056049 7.812425131426852 6.537079312685246 8.450098040797654 5.899406403314443 2.70507256983241
pos200mV 1us 87.70658759776538 8.936967801564249 4.399095766105026 532.0 0.6337710644260159 7.102721897794015 7.736492962220031 6.468950833367999 8.370264026646048 5.835179768941983 3.7065875977653775
pos200mV 1us 88.70810262569833 9.01003416339665 4.270228877130724 532.0 0.64472233439141 7.0237843691282364 7.668506703519647 6.379062034736826 8.313229037911057 5.734339700345417 4.708102625698331
pos200mV 1us 89.7096176536313 9.052956359535196 4.183271603593297 532.0 0.6645826786853293 6.957077171224441 7.62165984990977 6.292494492539111 8.2862425285951 5.627911813853782 5.709617653631298
pos200mV 1us 90.71113268156425 8.929104430525141 4.125332708013408 532.0 0.6948036104833225 6.922869732740711 7.617673343224034 6.228066122257388 8.312476953707357 5.533262511774066 6.711132681564251
pos200mV 1us 91.71264770949722 8.871703173751953 4.027882294516202 532.0 0.7414145463865495 6.918681748327677 7.660096294714226 6.177267201941127 8.401510841100775 5.435852655554577 7.712647709497219
pos200mV 1us 92.71416273743019 8.900476641608938 4.032924175284925 532.0 0.7825969930153991 6.928110287478401 7.7107072804938 6.145513294463003 8.4933042735092 5.362916301447603 8.714162737430186
pos200mV 1us 93.71567776536314 9.076997656996651 4.247187576683796 532.0 0.8266833534692362 6.922068753941436 7.748752107410672 6.0953854004722 8.575435460879909 5.2687020470029635 9.71567776536314
pos200mV 1us 94.7171927932961 9.176193851924026 4.113384175463686 532.0 0.8711002673428234 6.871374583894738 7.742474851237562 6.000274316551915 8.613575118580385 5.129174049209091 10.717192793296107
pos200mV 1us 95.71870782122906 9.210554647553074 3.9635788819128495 532.0 0.8731718266292342 6.775568998522058 7.648740825151292 5.902397171892823 8.521912651780527 5.0292253452635896 11.71870782122906
pos200mV 1us 96.72022284916203 9.17583207029273 3.834227411396642 532.0 0.8684460130243734 6.665921005317823 7.534367018342196 5.797474992293449 8.40281303136657 4.929028979269075 12.720222849162028
pos200mV 1us 97.72173787709498 8.74568700138994 3.532056092263684 532.0 0.8549320893728745 6.587708681019269 7.442640770392143 5.732776591646394 8.297572859765017 4.87784450227352 13.72173787709498
pos200mV 1us 98.72325290502795 8.581900586538545 3.3729530260916136 532.0 0.8383886148061385 6.5520581018764155 7.390446716682554 5.713669487070277 8.228835331488693 4.875280872264138 14.723252905027948
pos200mV 1us 99.7247679329609 8.401627160983239 3.021842285488264 532.0 0.8403379252194736 6.554085368319932 7.394423293539405 5.713747443100458 8.234761218758878 4.873409517880985 15.724767932960901
pos200mV 1us 100.72628296089387 8.392612678279331 2.7657180327418973 532.0 0.8424872707221416 6.629885853662207 7.472373124384349 5.787398582940066 8.314860395106491 4.944911312217924 16.72628296089387
pos200mV 1us 101.72779798882684 8.57031347282235 2.6545027014078184 532.0 0.8518474585296105 6.7567400234615755 7.6085874819911865 5.904892564931965 8.460434940520797 5.0530451064023545 17.727797988826836
pos200mV 1us 102.72931301675979 8.841010900424585 2.3881491738815606 532.0 0.8682909479321058 6.938323806088041 7.806614754020147 6.070032858155935 8.674905701952254 5.20174191022383 18.72931301675979
pos200mV 1us 103.73082804469276 9.279371027977662 2.349992968379891 532.0 0.8694550676244515 7.178182147213311 8.047637214837764 6.30872707958886 8.917092282462214 5.439272011964409 19.730828044692757
pos200mV 1us 104.73234307262571 9.678528432429053 2.634920282118441 532.0 0.8690791003904649 7.454225134434904 8.323304234825368 6.585146034044439 9.192383335215833 5.716066933653974 20.73234307262571
pos200mV 1us 105.73385810055868 10.01309084272626 3.0448534415508473 532.0 0.8920983907876691 7.728716744855526 8.620815135643195 6.836618354067857 9.512913526430864 5.944519963280188 21.733858100558678
pos200mV 1us 106.73537312849163 10.192653179816759 3.227751079508358 532.0 0.9003884307981109 8.013262522986874 8.913650953784986 7.112874092188763 9.814039384583097 6.2124856613906525 22.73537312849163
pos200mV 1us 107.7368881564246 10.151199785734077 3.6563228916201105 532.0 0.8888869403188693 8.28607541147612 9.174962351794989 7.39718847115725 10.063849292113858 6.508301530838381 23.736888156424598
pos200mV 1us 108.73840318435755 10.33648013463241 3.6784207636916215 532.0 0.8771257385534748 8.515278975798443 9.392404714351919 7.6381532372449685 10.269530452905393 6.761027498691494 24.73840318435755
pos200mV 1us 109.73991821229052 10.776831073233518 3.9321900021452554 532.0 0.8857271431286314 8.66034023730503 9.546067380433662 7.774613094176399 10.431794523562294 6.888885951047768 25.73991821229052
pos200mV 1us 110.74143324022347 10.708949786207821 3.8715302653139645 532.0 0.9378902857012648 8.683605899938376 9.621496185639641 7.7457156142371115 10.559386471340906 6.807825328535847 26.741433240223472
pos200mV 1us 111.74294826815644 10.631909866654757 3.69823135660335 532.0 1.0072112726936722 8.592691300831255 9.599902573524927 7.585480028137583 10.6071138462186 6.578268755443911 27.74294826815644
pos200mV 1us 112.7444632960894 10.69498200531844 3.386896857456973 532.0 1.0708070352575347 8.401653226932769 9.472460262190303 7.330846191675234 10.543267297447839 6.260039156417699 28.744463296089407
pos200mV 1us 113.74597832402236 10.671327656992172 3.157673486708379 532.0 1.108305439845516 8.127220354950362 9.235525794795878 7.018914915104846 10.343831234641394 5.91060947525933 29.74597832402236
pos200mV 1us 114.74749335195533 10.38036136539888 3.2367630465430244 532.0 1.109876858603015 7.834919609397162 8.944796468000177 6.725042750794147 10.054673326603192 5.615165892191133 30.747493351955328
pos200mV 1us 115.74900837988828 10.22838284792849 3.72464117321121 532.0 1.086295366122022 7.561651230636465 8.647946596758487 6.475355864514443 9.734241962880509 5.389060498392421 31.74900837988828
pos200mV 1us 116.75052340782125 9.992174443275978 4.075126720026813 532.0 1.045508464228837 7.329301707447846 8.374810171676684 6.283793243219009 9.42031863590552 5.238284778990172 32.75052340782125
pos200mV 1us 117.7520384357542 9.802814961832402 3.8350395549050234 532.0 1.0058672412880016 7.163859654164777 8.16972689545278 6.157992412876776 9.17559413674078 5.152125171588773 33.7520384357542
pos200mV 1us 118.75355346368717 9.810463709497208 3.620672490744132 532.0 0.9705113669168091 7.075024721846955 8.045536088763765 6.104513354930146 9.016047455680573 5.1340019880133365 34.75355346368717
pos200mV 1us 119.75506849162012 9.860410204902792 3.622831952330727 532.0 0.9385143539026116 7.070736755856717 8.009251109759328 6.132222401954105 8.94776546366194 5.193708048051493 35.75506849162012
pos200mV 1us 120.75658351955309 9.750136320098322 3.8451515750346434 532.0 0.9138949823342244 7.148542881108852 8.062437863443076 6.234647898774627 8.9763328457773 5.320752916440403 36.75658351955309
pos200mV 1us 121.75809854748604 9.716576943575419 4.286484776178777 532.0 0.8953202600648555 7.3151640586586595 8.210484318723514 6.419843798593804 9.105804578788371 5.524523538528948 37.75809854748604
pos200mV 1us 122.75961357541901 9.622160686927375 4.867840414793297 532.0 0.8839699571271564 7.564499135278171 8.448469092405327 6.680529178151015 9.332439049532484 5.796559221023859 38.75961357541901
pos200mV 1us 123.76112860335196 9.980556353166486 5.017435391642461 532.0 0.8920442897570745 7.893228236470322 8.785272526227397 7.0011839467132475 9.67731681598447 6.109139656956173 39.76112860335196
pos200mV 1us 124.76264363128494 10.52104147685365 5.111882333693848 532.0 0.928991365326441 8.27974874171366 9.208740107040102 7.35075737638722 10.137731472366543 6.421766011060779 40.762643631284945
pos200mV 1us 125.7641586592179 11.114126173251412 4.971590694122904 532.0 0.9724335878075892 8.72585902057188 9.69829260837947 7.753425432764291 10.670726196187058 6.780991844956702 41.7641586592179
pos200mV 1us 126.76567368715085 11.776978200446937 5.067650376706148 532.0 1.0123209749925552 9.226894089767358 10.239215064759913 8.214573114774803 11.251536039752468 7.202252139782248 42.76567368715085
pos200mV 1us 127.7671887150838 12.571086462882683 5.355131157394415 532.0 1.0446411005042255 9.773058999553834 10.81770010005806 8.728417899049608 11.862341200562286 7.683776798545383 43.767188715083805
pos200mV 1us 128.76870374301677 13.244213316549736 5.808883457162016 532.0 1.0883144938422609 10.349491163425393 11.437805657267653 9.261176669583133 12.526120151109915 8.172862175740871 44.76870374301677
pos200mV 1us 129.77021877094973 13.945231205720681 6.4974823271374325 532.0 1.124906001970546 10.964798187448283 12.089704189418828 9.839892185477737 13.214610191389374 8.714986183507191 45.770218770949725
pos200mV 1us 130.77173379888268 14.648046680000004 7.216980373832403 532.0 1.1478917170890153 11.61208581630596 12.759977533394975 10.464194099216945 13.90786925048399 9.31630238212793 46.77173379888268
pos200mV 1us 131.77324882681563 15.385274872357542 7.000087008697207 532.0 1.2039121975494522 12.274065425674818 13.47797762322427 11.070153228125367 14.681889820773723 9.866241030575914 47.77324882681563
pos200mV 1us 132.7747638547486 16.150097698256996 6.906470152509497 532.0 1.2418687731582085 12.958927754004486 14.200796527162694 11.717058980846279 15.442665300320904 10.475190207688069 48.77476385474861
pos200mV 1us 133.77627888268157 18.210213015937434 6.727907649573185 532.0 1.2990477682046142 13.666395701316425 14.96544346952104 12.36734793311181 16.264491237725654 11.068300164907196 49.77627888268157
pos200mV 1us 134.77779391061452 17.765411543673732 6.649818646905029 532.0 1.3157552682732552 14.379668796728021 15.695424065001276 13.063913528454766 17.01117933327453 11.74815826018151 50.77779391061452
pos200mV 1us 135.7793089385475 18.651616064581013 6.722776980040225 532.0 1.3570356587630146 15.104414222524362 16.461449881287376 13.747378563761348 17.81848554005039 12.390342904998333 51.7793089385475
pos200mV 1us 136.78082396648045 19.70637010611846 10.82488647987933 532.0 1.3435758116494692 15.856397542464792 17.199973354114263 14.512821730815324 18.543549165763732 13.169245919165855 52.780823966480455
pos200mV 1us 137.7823389944134 19.934256043115326 11.032058252782127 532.0 1.3743282518286966 16.597802704737806 17.972130956566502 15.223474452909109 19.3464592083952 13.849146201080412 53.78233899441341
pos200mV 1us 138.78385402234636 19.930016712735288 12.470278371468156 532.0 1.3620192257150214 17.318393451834446 18.680412677549466 15.956374226119424 20.04243190326449 14.594355000404402 54.78385402234636
pos200mV 1us 139.78536905027934 19.97933042777018 12.621489739173189 532.0 1.3065154742053644 17.98511243444494 19.291627908650305 16.678596960239574 20.598143382855667 15.372081486034212 55.78536905027934
pos200mV 1us 140.7868840782123 19.97868755728241 12.861587865081567 532.0 1.1848662400833065 18.54005159714327 19.724917837226574 17.355185357059963 20.90978407730988 16.170319116976657 56.786884078212296
pos200mV 1us 141.78839910614525 19.980772142657507 13.187808240290504 532.0 1.0122821240188047 18.981260732081456 19.99354285610026 17.968978608062653 21.005824980119066 16.956696484043846 57.78839910614525
pos200mV 1us 142.7899141340782 20.0 13.595664054793296 532.0 0.8702884375546718 19.230165236103876 20.100453673658546 18.359876798549205 20.97074211121322 17.48958836099453 58.7899141340782
pos200mV 1us 143.79142916201118 20.0 14.054774016362021 532.0 0.7671909020043017 19.370979603254984 20.138170505259286 18.603788701250682 20.905361407263587 17.83659779924638 59.791429162011184
pos200mV 1us 144.79294418994414 20.0 13.87161064564916 532.0 0.7235523418112787 19.46420670657885 20.187759048390127 18.740654364767572 20.91131139020141 18.01710202295629 60.79294418994414
pos200mV 1us 145.7944592178771 20.0 13.638595761635754 532.0 0.804237858127388 19.43662730176812 20.240865159895506 18.632389443640733 21.045103018022896 17.828151585513343 61.79445921787709
pos200mV 1us 146.79597424581007 20.0 13.521377270453629 532.0 0.8819075747922878 19.410510493357002 20.29241806814929 18.528602918564715 21.17432564294158 17.646695343772425 62.79597424581007
pos200mV 1us 147.79748927374303 20.0 13.527276586413409 532.0 0.9035017984254483 19.404770324864256 20.308272123289704 18.501268526438807 21.211773921715153 17.597766728013358 63.797489273743025
pos200mV 1us 148.79900430167598 20.0 13.655913053139667 532.0 0.8991256471247007 19.409938121194546 20.30906376831925 18.510812474069844 21.208189415443947 17.611686826945146 64.79900430167598
pos200mV 1us 149.80051932960893 20.0 13.900926225886035 532.0 0.9004974740824545 19.41733640959245 20.317833883674904 18.51683893551 21.21833135775736 17.61634146142754 65.80051932960893
pos200mV 1us 150.8020343575419 20.0 14.261555883700566 532.0 0.9045788594005942 19.42689909350052 20.331477952901114 18.522320234099926 21.236056812301708 17.61774137469933 66.80203435754191
pos200mV 1us 151.80354938547487 20.0 14.72484050767375 532.0 0.8792530222363848 19.44891074525067 20.328163767487055 18.569657723014288 21.207416789723442 17.6904047007779 67.80354938547487
pos200mV 1us 152.80506441340782 20.0 15.115174418574302 532.0 0.8329292400963053 19.47880098106739 20.311730221163696 18.645871740971085 21.14465946126 17.81294250087478 68.80506441340782
pos200mV 1us 153.80657944134077 20.0 15.236006034592176 532.0 0.730221750284532 19.54564908363869 20.27587083392322 18.815427333354158 21.006092584207753 18.085205583069627 69.80657944134077
pos200mV 1us 154.80809446927375 20.0 15.43195278683799 532.0 0.6756457550171837 19.5804023690222 20.25604812403938 18.904756614005017 20.931693879056567 18.22911085898783 70.80809446927375
pos200mV 1us 155.8096094972067 20.0 15.547954622283799 532.0 0.6310333100373161 19.613986082764693 20.24501939280201 18.982952772727376 20.876052702839324 18.351919462690063 71.80960949720671
pos200mV 1us 156.81112452513966 20.0 15.793953694909492 532.0 0.5682830185736354 19.65417225593335 20.222455274506984 19.085889237359716 20.790738293080622 18.517606218786078 72.81112452513966
pos200mV 1us 157.81263955307264 20.0 16.27462959340336 532.0 0.4934569117331429 19.69970990315207 20.193166814885213 19.206252991418925 20.686623726618354 18.712796079685784 73.81263955307264
pos200mV 1us 158.8141545810056 20.0 16.700462412008942 532.0 0.41128839357013436 19.74821274132009 20.159501134890224 19.336924347749953 20.570789528460356 18.92563595417982 74.8141545810056
pos200mV 1us 159.81566960893855 20.0 17.07596464804469 532.0 0.33165172990217845 19.79677007142773 20.128421801329907 19.465118341525553 20.460073531232087 19.133466611623373 75.81566960893855
pos200mV 1us 160.8171846368715 20.0 17.476536609381 532.0 0.25739684746364294 19.843902237374202 20.101299084837844 19.58650538991056 20.358695932301487 19.329108542446917 76.8171846368715
pos200mV 1us 161.81869966480448 20.0 17.912358044540785 532.0 0.18942964798121845 19.882951897610546 20.072381545591764 19.69352224962933 20.26181119357298 19.50409260164811 77.81869966480448
pos200mV 1us 162.82021469273744 20.0 18.397823574574304 532.0 0.1315759827563666 19.91294905625922 20.044525039015586 19.781373073502852 20.176101021771952 19.649797090746485 78.82021469273744
pos200mV 1us 163.8217297206704 20.0 18.92690238816536 532.0 0.08773917284655791 19.94630618981642 20.034045362662976 19.85856701696986 20.121784535509533 19.770827844123303 79.82172972067039
pos200mV 1us 164.82324474860334 20.0 19.498025039776532 532.0 0.042772968701641316 19.98309122000943 20.025864188711072 19.94031825130779 20.068637157412713 19.89754528260615 80.82324474860334
pos200mV 1us 165.82475977653633 20.0 20.0 532.0 0.0 20.0 20.0 20.0 20.0 20.0 81.82475977653633
pos200mV 1us 166.82627480446928 20.0 20.0 532.0 0.0 20.0 20.0 20.0 20.0 20.0 82.82627480446928
pos200mV 1us 167.82778983240223 20.0 20.0 532.0 0.0 20.0 20.0 20.0 20.0 20.0 83.82778983240223
pos200mV 1us 168.8293048603352 20.0 20.0 532.0 0.0 20.0 20.0 20.0 20.0 20.0 84.82930486033521
pos200mV 1us 169.83081988826817 20.0 20.0 532.0 0.0 20.0 20.0 20.0 20.0 20.0 85.83081988826817
pos200mV 1us 170.83233491620112 20.0 20.0 532.0 0.0 20.0 20.0 20.0 20.0 20.0 86.83233491620112
pos200mV 1us 171.83384994413407 20.0 20.0 532.0 0.0 20.0 20.0 20.0 20.0 20.0 87.83384994413407
pos200mV 1us 172.83536497206705 20.0 20.0 532.0 0.0 20.0 20.0 20.0 20.0 20.0 88.83536497206705
pos200mV 1us 173.83688 20.0 20.0 532.0 0.0 20.0 20.0 20.0 20.0 20.0 89.83688000000001
