-4.550000000000000000e+01 1.000699999999999967e+01 3.427000000000000046e+00
-4.450000000000000000e+01 1.107599999999999874e+01 2.529999999999999805e+00
-4.350000000000000000e+01 1.307900000000000063e+01 5.115000000000000213e+00
-4.250000000000000000e+01 1.604899999999999949e+01 5.062000000000000277e+00
-4.150000000000000000e+01 1.717500000000000071e+01 5.592999999999999972e+00
-4.050000000000000000e+01 2.306300000000000239e+01 4.285000000000000142e+00
-3.950000000000000000e+01 2.552599999999999980e+01 2.895000000000000018e+00
-3.850000000000000000e+01 2.522400000000000020e+01 2.362000000000000099e+00
-3.750000000000000000e+01 2.400499999999999901e+01 2.711999999999999744e+00
-3.650000000000000000e+01 2.167599999999999838e+01 3.978999999999999648e+00
-3.550000000000000000e+01 1.941799999999999926e+01 2.856000000000000316e+00
-3.450000000000000000e+01 1.903200000000000003e+01 2.766000000000000014e+00
-3.350000000000000000e+01 1.718299999999999983e+01 3.069999999999999840e+00
-3.250000000000000000e+01 1.682400000000000162e+01 2.589999999999999858e+00
-3.150000000000000000e+01 1.668499999999999872e+01 2.508000000000000007e+00
-3.050000000000000000e+01 1.660500000000000043e+01 2.762999999999999901e+00
-2.950000000000000000e+01 1.621599999999999753e+01 2.423000000000000043e+00
-2.850000000000000000e+01 1.661599999999999966e+01 3.576999999999999957e+00
-2.750000000000000000e+01 1.673300000000000054e+01 2.229999999999999982e+00
-2.650000000000000000e+01 1.676999999999999957e+01 2.160000000000000142e+00
-2.550000000000000000e+01 1.721499999999999986e+01 2.612999999999999989e+00
-2.450000000000000000e+01 1.703900000000000148e+01 2.249000000000000110e+00
-2.350000000000000000e+01 1.687599999999999767e+01 3.238999999999999879e+00
-2.250000000000000000e+01 1.738599999999999923e+01 2.250999999999999890e+00
-2.150000000000000000e+01 1.737900000000000134e+01 2.866000000000000103e+00
-2.050000000000000000e+01 1.768900000000000006e+01 2.790000000000000036e+00
-1.950000000000000000e+01 1.750300000000000011e+01 3.305000000000000160e+00
-1.850000000000000000e+01 1.718099999999999739e+01 3.986000000000000210e+00
-1.750000000000000000e+01 1.743400000000000105e+01 2.939999999999999947e+00
-1.650000000000000000e+01 1.643400000000000105e+01 2.858999999999999986e+00
-1.550000000000000000e+01 1.532300000000000040e+01 2.743999999999999773e+00
-1.450000000000000000e+01 1.484500000000000064e+01 2.528000000000000025e+00
-1.350000000000000000e+01 1.435799999999999876e+01 2.568999999999999950e+00
-1.250000000000000000e+01 1.369800000000000040e+01 2.310000000000000053e+00
-1.150000000000000000e+01 1.300799999999999912e+01 1.861999999999999877e+00
-1.050000000000000000e+01 1.200799999999999912e+01 2.355999999999999872e+00
-9.500000000000000000e+00 1.178200000000000003e+01 1.584999999999999964e+00
-8.500000000000000000e+00 1.122900000000000098e+01 1.333000000000000185e+00
-7.500000000000000000e+00 1.075000000000000000e+01 1.488000000000000211e+00
-6.500000000000000000e+00 1.116099999999999959e+01 9.809999999999999831e-01
-5.500000000000000000e+00 1.052900000000000169e+01 1.624000000000000110e+00
-4.500000000000000000e+00 1.064499999999999957e+01 1.027000000000000135e+00
-3.500000000000000000e+00 1.068500000000000050e+01 1.187000000000000055e+00
-2.500000000000000000e+00 1.032300000000000040e+01 1.679000000000000048e+00
-1.500000000000000000e+00 1.082799999999999940e+01 1.095999999999999863e+00
-5.000000000000000000e-01 1.031799999999999962e+01 2.004000000000000004e+00
5.000000000000000000e-01 1.083400000000000141e+01 1.290999999999999925e+00
1.500000000000000000e+00 1.106400000000000006e+01 1.613000000000000211e+00
2.500000000000000000e+00 1.085200000000000031e+01 1.135999999999999899e+00
3.500000000000000000e+00 1.088700000000000045e+01 1.439000000000000057e+00
4.500000000000000000e+00 1.041300000000000026e+01 1.776000000000000023e+00
5.500000000000000000e+00 1.019599999999999973e+01 1.561999999999999833e+00
6.500000000000000000e+00 9.724000000000000199e+00 1.614999999999999991e+00
7.500000000000000000e+00 9.721000000000000085e+00 1.385000000000000009e+00
8.500000000000000000e+00 9.877000000000000668e+00 1.493999999999999995e+00
9.500000000000000000e+00 9.737000000000000099e+00 1.500000000000000000e+00
1.050000000000000000e+01 1.002200000000000024e+01 1.090000000000000080e+00
1.150000000000000000e+01 1.008200000000000074e+01 1.529000000000000137e+00
1.250000000000000000e+01 1.048299999999999876e+01 1.306999999999999940e+00
1.350000000000000000e+01 1.075300000000000011e+01 1.169000000000000039e+00
1.450000000000000000e+01 1.095099999999999874e+01 1.738000000000000211e+00
1.550000000000000000e+01 1.087099999999999866e+01 1.301999999999999824e+00
1.650000000000000000e+01 1.107300000000000040e+01 8.930000000000000160e-01
1.750000000000000000e+01 1.067200000000000060e+01 1.052000000000000046e+00
1.850000000000000000e+01 1.047499999999999964e+01 7.850000000000000311e-01
1.950000000000000000e+01 1.011800000000000033e+01 1.004000000000000004e+00
2.050000000000000000e+01 9.884000000000000341e+00 6.119999999999999885e-01
2.150000000000000000e+01 9.861000000000000654e+00 9.000000000000000222e-01
2.250000000000000000e+01 9.841000000000001080e+00 5.979999999999999760e-01
2.350000000000000000e+01 1.008399999999999963e+01 1.254999999999999893e+00
2.450000000000000000e+01 1.014899999999999913e+01 8.409999999999999698e-01
2.550000000000000000e+01 1.030700000000000038e+01 6.500000000000000222e-01
2.650000000000000000e+01 1.088499999999999979e+01 7.609999999999998987e-01
2.750000000000000000e+01 1.155599999999999916e+01 6.629999999999999227e-01
2.850000000000000000e+01 1.176099999999999923e+01 8.240000000000000657e-01
2.950000000000000000e+01 1.225000000000000000e+01 7.469999999999999973e-01
3.050000000000000000e+01 1.228099999999999881e+01 8.770000000000000018e-01
3.150000000000000000e+01 1.202200000000000024e+01 8.209999999999999520e-01
3.250000000000000000e+01 1.188700000000000045e+01 7.179999999999999716e-01
3.350000000000000000e+01 1.145500000000000007e+01 1.114000000000000101e+00
3.450000000000000000e+01 1.122400000000000020e+01 7.229999999999999760e-01
3.550000000000000000e+01 1.085500000000000043e+01 9.240000000000000435e-01
3.650000000000000000e+01 1.038900000000000112e+01 9.329999999999999405e-01
3.750000000000000000e+01 1.040000000000000036e+01 9.140000000000000346e-01
3.850000000000000000e+01 1.038199999999999967e+01 1.032000000000000028e+00
3.950000000000000000e+01 1.030599999999999916e+01 9.520000000000000684e-01
4.050000000000000000e+01 1.179400000000000048e+01 1.568000000000000060e+00
4.150000000000000000e+01 1.382099999999999973e+01 2.653000000000000025e+00
4.250000000000000000e+01 1.615700000000000003e+01 3.095000000000000195e+00
4.350000000000000000e+01 1.690900000000000247e+01 3.196000000000000174e+00
4.450000000000000000e+01 1.485500000000000043e+01 4.446000000000000618e+00
4.550000000000000000e+01 1.049300000000000033e+01 3.689999999999999947e+00
4.650000000000000000e+01 4.131999999999999673e+00 0.000000000000000000e+00
