-4.139999999999999858e+01 -1.083658204815346027e+00 3.081199606014649595e-01
-3.939999999999999858e+01 -1.152599527962907100e+00 3.408171015947489280e-01
-3.739999999999999858e+01 -3.684923498865128710e+00 3.880965144791272969e-01
-3.539999999999999858e+01 -3.831563097307771670e+00 4.144772125285510200e-01
-3.339999999999999858e+01 -4.898624351871828431e+00 3.448647094617539044e-01
-3.139999999999999858e+01 -2.938989391081188174e+00 2.741447437598429349e-01
-2.939999999999999858e+01 -1.802706021402772807e+00 3.190923748902505519e-01
-2.739999999999999858e+01 7.445463685014916955e-01 4.197125804006509586e-01
-2.539999999999999858e+01 3.019201539180547567e+00 5.062805116008076700e-01
-2.339999999999999858e+01 4.855282593492918686e+00 4.027274087730154939e-01
-2.139999999999999858e+01 6.393351566300665034e+00 3.527514443961443646e-01
-1.939999999999999858e+01 7.614027884579949834e+00 2.694824700641267889e-01
-1.739999999999999858e+01 8.920432056550909650e+00 2.798082163402740297e-01
-1.539999999999999858e+01 1.019865028949096519e+01 3.027479550455755564e-01
-1.339999999999999858e+01 1.039126235333069559e+01 3.322302968367771836e-01
-1.139999999999999858e+01 9.149218926567044718e+00 3.466978026474696328e-01
-9.399999999999998579e+00 9.348404819869211124e+00 3.147262509928828167e-01
-7.399999999999998579e+00 6.703616185634138525e+00 3.013801134299768369e-01
-5.399999999999998579e+00 4.325898194029562660e+00 2.815896980313156717e-01
-3.399999999999998579e+00 -3.046674525559260327e-01 2.661993380551635480e-01
-1.399999999999998579e+00 -4.080468503718814310e-01 2.685731551149725393e-01
6.000000000000014211e-01 -2.243506107346798562e+00 2.961823250676138830e-01
2.600000000000001421e+00 -2.742278232019875528e+00 2.759236082538513712e-01
4.600000000000001421e+00 -3.155925250363381007e+00 2.693815496613432559e-01
6.600000000000001421e+00 -2.848728483688223179e-02 2.447116588848520513e-01
8.600000000000001421e+00 2.931435997517853664e+00 3.569131421328361475e-01
1.060000000000000142e+01 5.734612147616107158e+00 4.407524352859390482e-01
1.260000000000000142e+01 7.539099857132096183e+00 4.993356732830765421e-01
1.460000000000000142e+01 6.376314992503107071e+00 3.963238209602386597e-01
1.660000000000000142e+01 5.542940443587556665e+00 3.735922717418838634e-01
1.860000000000000142e+01 2.321207281426845181e+00 3.599287069528301353e-01
2.060000000000000142e+01 1.790722437464573602e+00 3.914681520504080248e-01
2.260000000000000142e+01 -1.686569604145603307e+00 3.484605107281810166e-01
2.460000000000000142e+01 -3.874047142294990476e+00 3.278224425790032259e-01
2.660000000000000142e+01 -5.982199109922949454e+00 3.393130722204962813e-01
2.860000000000000142e+01 -5.319751447658874532e+00 3.975835374445169657e-01
3.060000000000000142e+01 -2.942053340577034160e+00 3.756734886155272402e-01
3.260000000000000142e+01 -3.868287390285077981e-02 3.454865416231608921e-01
3.460000000000000142e+01 4.350170997124526373e+00 2.990287386522148538e-01
3.660000000000000142e+01 3.995403627289549675e+00 3.302438962795399280e-01
3.860000000000000142e+01 2.524838163286226234e+00 3.421871930954339391e-01
4.060000000000000142e+01 -1.129264172112109499e+00 3.333162755518280229e-01
4.260000000000000142e+01 -2.088369525524338854e+00 3.524048412658182805e-01
4.460000000000000142e+01 -2.922973637068412955e+00 4.037582566688853736e-01
4.660000000000000142e+01 -2.642348900869310846e+00 3.995103899129292535e-01
4.860000000000000142e+01 -1.660155779044417246e+00 3.405978152613677312e-01
5.060000000000000142e+01 -4.588416241611062429e-01 2.814275987182475181e-01
5.260000000000000142e+01 -1.153969265810967232e-01 2.685601326624808549e-01
5.460000000000000142e+01 3.605869790830971700e-01 2.667022585489347009e-01
5.660000000000000142e+01 3.572783526905152773e-01 2.496513299687327103e-01
5.860000000000000142e+01 1.033244255580454268e-01 2.323354089554605650e-01
