-4.139999999999999858e+01 9.847991668093832862e-01 2.147741312654799228e-01
-3.939999999999999858e+01 1.140327615847897436e+00 2.355308780871658847e-01
-3.739999999999999858e+01 3.318782317082803246e+00 2.590816493111378072e-01
-3.539999999999999858e+01 3.706906825860362797e+00 2.762961149438685760e-01
-3.339999999999999858e+01 4.796619205384676121e+00 2.258425433078433964e-01
-3.139999999999999858e+01 3.454829498780309649e+00 1.834313428278141755e-01
-2.939999999999999858e+01 2.202575332154969256e+00 2.118066803643494922e-01
-2.739999999999999858e+01 3.039653306665924259e-01 2.736886612886161863e-01
-2.539999999999999858e+01 -1.869287360213092830e+00 3.263104572889424793e-01
-2.339999999999999858e+01 -3.530311838177459638e+00 2.598518307481520462e-01
-2.139999999999999858e+01 -5.343375291256694304e+00 2.338672298269278971e-01
-1.939999999999999858e+01 -6.975201537302865518e+00 1.840287943488062572e-01
-1.739999999999999858e+01 -8.310732418206326244e+00 1.919485145856183461e-01
-1.539999999999999858e+01 -1.004360461342466948e+01 2.071408939577873698e-01
-1.339999999999999858e+01 -1.006088195541028441e+01 2.289528329417327701e-01
-1.139999999999999858e+01 -8.945531967906473980e+00 2.371172979490901722e-01
-9.399999999999998579e+00 -8.920882198508349958e+00 2.186995105303914666e-01
-7.399999999999998579e+00 -6.519606224044356857e+00 2.118157613004377493e-01
-5.399999999999998579e+00 -4.297454896082997244e+00 1.966381151514732528e-01
-3.399999999999998579e+00 9.106026743556464367e-03 1.842653844370860661e-01
-1.399999999999998579e+00 1.721307451088715246e-01 1.832618730272298213e-01
6.000000000000014211e-01 1.941427944376231673e+00 2.024925720929930117e-01
2.600000000000001421e+00 2.240297141708686990e+00 1.852398995663739889e-01
4.600000000000001421e+00 2.291609899753961344e+00 1.795988185271646387e-01
6.600000000000001421e+00 -5.548701714561247167e-01 1.634288879209681022e-01
8.600000000000001421e+00 -3.063572494192594586e+00 2.384397516707700559e-01
1.060000000000000142e+01 -5.211619260484925853e+00 2.879738926622629758e-01
1.260000000000000142e+01 -6.914545068175510067e+00 3.263800940440523268e-01
1.460000000000000142e+01 -5.756650693501501159e+00 2.612110461143747897e-01
1.660000000000000142e+01 -5.125568525710911594e+00 2.552233690867083404e-01
1.860000000000000142e+01 -1.737131012602372904e+00 2.553203634813790979e-01
2.060000000000000142e+01 -1.067807666959131208e+00 2.768156172905966161e-01
2.260000000000000142e+01 2.311873864347584462e+00 2.419579163296800284e-01
2.460000000000000142e+01 4.302568011192623665e+00 2.202516958521517909e-01
2.660000000000000142e+01 6.294662484856385021e+00 2.291514273813448632e-01
2.860000000000000142e+01 5.577297172425415006e+00 2.711529734242481005e-01
3.060000000000000142e+01 3.344667988954383997e+00 2.536173000473446182e-01
3.260000000000000142e+01 6.546723759601066339e-01 2.302776305901359510e-01
3.460000000000000142e+01 -3.225980936758104267e+00 1.955022335207948492e-01
3.660000000000000142e+01 -3.067328861594822431e+00 2.189840652385406372e-01
3.860000000000000142e+01 -2.023595342826377763e+00 2.281027410739919492e-01
4.060000000000000142e+01 1.217647555551269134e+00 2.295785505878187305e-01
4.260000000000000142e+01 1.841222520145628705e+00 2.456560957522285760e-01
4.460000000000000142e+01 2.624039642797835636e+00 2.819023544055889730e-01
4.660000000000000142e+01 2.227378293894654693e+00 2.774272783874848214e-01
4.860000000000000142e+01 1.389428655363771803e+00 2.366491876328448429e-01
5.060000000000000142e+01 3.290270627986511265e-01 1.974305430958646357e-01
5.260000000000000142e+01 5.961765093044765068e-02 1.889715128059394900e-01
5.460000000000000142e+01 -3.494547297897221405e-01 1.876329846275064106e-01
5.660000000000000142e+01 -2.126931945123093914e-01 1.748860072668813326e-01
5.860000000000000142e+01 -2.460963584032995269e-02 1.623292249012272537e-01
