7.380073800738007166e-03
1.918819188191881950e-02
3.837638376383763900e-02
7.011070110701106417e-02
7.822878228782288723e-02
7.749077490774908261e-02
6.789667896678966419e-02
7.601476014760148725e-02
7.380073800738007339e-02
7.011070110701106417e-02
7.970479704797048259e-02
7.380073800738007339e-02
8.044280442804427333e-02
7.232472324723247803e-02
5.461254612546125042e-02
2.878228782287822751e-02
2.509225092250922523e-02
6.642066420664206883e-03
1.903367496339677944e-02
4.978038067349926932e-02
5.270863836017569692e-02
6.149341142020497974e-02
7.759882869692533158e-02
8.345534407027818680e-02
9.370424597364568342e-02
9.516837481698389722e-02
1.068814055636896077e-01
9.663250366032209715e-02
8.052708638360175919e-02
7.174231332357247637e-02
5.417276720351391073e-02
2.489019033674963466e-02
1.610541727672035184e-02
1.024890190336749489e-02
2.928257686676427607e-03
2.928257686676427607e-03
3.062678062678062668e-02
7.407407407407406996e-02
9.401709401709401615e-02
1.039886039886039892e-01
1.111111111111111188e-01
7.264957264957264127e-02
7.051282051282051211e-02
6.837606837606838295e-02
6.054131054131053902e-02
7.264957264957264127e-02
5.698005698005698116e-02
4.700854700854700807e-02
3.632478632478632063e-02
3.490028490028490582e-02
2.920227920227919799e-02
2.279202279202279663e-02
9.971509971509969622e-03
4.273504273504273934e-03
1.897689768976897409e-02
4.372937293729373120e-02
5.693069306930693962e-02
9.570957095709570206e-02
1.006600660066006570e-01
1.072607260726072542e-01
1.122112211221122091e-01
9.983498349834982188e-02
8.003300330033003007e-02
6.105610561056105945e-02
4.702970297029702984e-02
3.960396039603960444e-02
2.640264026402640296e-02
2.970297029702970160e-02
2.970297029702970160e-02
2.722772277227722415e-02
1.732673267326732824e-02
6.600660066006600740e-03
2.297631671968893702e-02
9.756097560975610095e-02
2.244609402615765359e-01
1.905266878755744187e-01
1.109932838458819321e-01
9.579356663131849414e-02
7.811947684694238447e-02
5.867797808412866800e-02
4.736656062212796225e-02
2.509720749381406935e-02
1.979498055850123506e-02
1.095793566631318543e-02
5.302226935312831686e-03
4.241781548250264655e-03
5.655708731000353741e-03
1.060445387062566164e-03
1.413927182750088435e-03
0.000000000000000000e+00
3.534031413612565703e-02
6.806282722513089245e-02
8.246073298429318355e-02
1.086387434554973858e-01
1.125654450261780043e-01
1.230366492146596769e-01
1.256544502617800985e-01
1.178010471204188475e-01
5.104712041884816587e-02
3.664921465968586090e-02
3.010471204188481381e-02
3.141361256544502462e-02
2.617801047120418834e-02
2.748691099476439914e-02
1.047120418848167603e-02
6.544502617801047084e-03
5.235602094240838014e-03
1.308900523560209504e-03
2.321517723414878026e-02
7.239141288067897639e-02
9.610584123814278068e-02
1.080878681977034406e-01
1.213180229655516779e-01
1.233150274588117740e-01
1.547678482276585166e-01
1.155766350474288495e-01
6.914628057913130288e-02
4.667998002995506213e-02
2.995506739890164624e-02
2.096854717923115480e-02
1.048427358961557740e-02
4.493260109835247457e-03
2.246630054917623728e-03
4.992511233150274952e-04
7.488766849725411344e-04
0.000000000000000000e+00
2.184655396618985501e-02
3.693107932379713354e-02
5.851755526657997919e-02
6.579973992197658827e-02
8.998699609882965245e-02
1.245773732119635768e-01
1.469440832249674922e-01
1.529258777633289990e-01
1.063719115734720333e-01
5.617685305591677697e-02
4.473342002600779604e-02
3.016905071521456053e-02
2.496749024707412348e-02
1.716514954486345751e-02
1.196358907672301700e-02
7.282184655396617759e-03
2.340702210663199185e-03
1.300390117035110562e-03
7.072987208427389261e-03
1.790820165537998498e-02
2.543265613243039444e-02
4.273890142964634903e-02
5.357411587659895169e-02
5.357411587659895169e-02
5.297215951843492476e-02
6.967644845748682814e-02
1.355906696764484498e-01
1.912716328066215166e-01
1.295711060948081250e-01
5.417607223476297862e-02
5.357411587659895169e-02
5.282167042889390762e-02
3.506395786305492590e-02
1.820917983446200192e-02
6.019563581640330861e-03
7.524454477050413577e-04
1.789285338385433006e-03
5.367856015156298802e-03
1.199873697505525819e-02
1.599831596674034309e-02
1.799810546258288901e-02
2.126091990316808511e-02
3.010209451636670225e-02
4.441637722345016109e-02
7.346595095253130592e-02
9.367435006841384748e-02
9.862119776865593823e-02
1.168298073886959304e-01
1.150405220503104842e-01
1.357751815598358114e-01
1.174613198610672538e-01
7.293969055888853414e-02
2.189243237553941887e-02
5.367856015156298802e-03
1.752444198487363835e-03
4.058291828076001327e-03
4.796163069544364180e-03
6.271905552481092487e-03
9.684560044272275126e-03
1.927688618336100349e-02
2.988378527946873239e-02
5.128205128205128027e-02
6.862202545655783636e-02
8.411732152739347101e-02
9.232613908872901176e-02
1.366906474820143713e-01
1.450839328537170403e-01
1.557830658550083125e-01
1.034864416159380074e-01
4.620918649695628100e-02
2.702453421877882428e-02
1.365061796716473055e-02
5.795981452859350243e-03
3.129829984544049704e-02
7.302936630602781254e-02
7.476816074188563643e-02
2.472952086553323325e-02
1.564914992272024852e-02
1.893353941267388041e-02
2.646831530139103286e-02
5.293663060278206572e-02
6.568778979907265170e-02
8.249613601236477356e-02
1.112828438948995496e-01
1.149536321483771301e-01
1.043276661514683235e-01
9.756568778979907153e-02
5.061823802163832597e-02
3.844667697063369055e-02
1.101236476043276555e-02
8.920606601248885293e-04
7.136485280999108234e-03
1.917930419268510170e-02
8.474576271186440649e-03
1.382694023193577204e-02
2.185548617305976826e-02
3.523639607493309761e-02
5.441570026761818890e-02
6.110615521855485704e-02
7.359500446030330101e-02
9.768064228367527579e-02
1.097234611953612771e-01
1.106155218554861763e-01
1.275646743978590680e-01
1.195361284567350579e-01
8.429973238180196726e-02
4.014272970561998111e-02
1.471900089206065916e-02
2.976190476190476459e-03
1.607142857142856984e-02
3.166666666666666935e-02
2.916666666666666713e-02
4.833333333333333925e-02
4.595238095238095982e-02
3.916666666666666213e-02
5.321428571428571397e-02
5.369047619047619818e-02
5.904761904761905017e-02
6.500000000000000222e-02
1.058333333333333348e-01
1.379761904761904745e-01
1.355952380952381020e-01
8.476190476190476053e-02
5.023809523809524141e-02
2.833333333333333537e-02
1.297619047619047623e-02
0.000000000000000000e+00
8.237232289950577801e-04
1.235584843492586616e-03
3.294892915980231120e-03
7.825370675453047556e-03
1.194398682042833656e-02
1.606260296540362384e-02
3.706754530477759241e-02
8.607907742998352485e-02
1.169686985172981863e-01
1.202635914332784162e-01
1.330313014827018137e-01
1.515650741350905994e-01
9.637561779242173610e-02
7.619439868204283539e-02
8.649093904448104664e-02
4.736408566721581059e-02
7.413509060955518828e-03
0.000000000000000000e+00
0.000000000000000000e+00
0.000000000000000000e+00
1.739130434782608760e-03
3.478260869565217520e-03
2.347826086956521924e-02
5.739130434782608453e-02
4.782608695652174058e-02
1.304347826086956624e-02
1.739130434782608717e-02
2.695652173913043459e-02
4.782608695652174058e-02
1.408695652173913015e-01
2.486956521739130677e-01
1.913043478260869623e-01
1.069565217391304363e-01
5.913043478260868874e-02
1.391304347826087008e-02
0.000000000000000000e+00
5.000000000000000104e-04
1.000000000000000021e-03
1.499999999999999814e-03
5.000000000000000104e-03
1.549999999999999989e-02
3.049999999999999933e-02
5.199999999999999761e-02
5.900000000000001077e-02
8.500000000000000611e-02
1.140000000000000041e-01
1.149999999999999911e-01
1.300000000000000044e-01
1.239999999999999991e-01
9.900000000000000466e-02
8.750000000000000833e-02
6.250000000000000000e-02
1.799999999999999864e-02
1.874999999999999931e-03
7.499999999999999722e-03
8.125000000000000278e-03
1.499999999999999944e-02
2.750000000000000361e-02
4.000000000000000083e-02
2.625000000000000250e-02
2.812499999999999722e-02
3.562500000000000389e-02
5.437499999999999278e-02
5.312500000000000555e-02
8.937500000000000999e-02
1.106250000000000011e-01
1.124999999999999889e-01
1.275000000000000022e-01
1.556250000000000133e-01
7.937500000000000111e-02
2.750000000000000361e-02
9.985022466300549904e-04
2.995506739890164537e-03
8.487269096355465683e-03
8.487269096355465683e-03
1.148277583624563065e-02
1.148277583624563065e-02
2.046929605591612383e-02
3.245132301547678372e-02
2.596105841238142975e-02
3.644533200199700368e-02
6.390414378432351938e-02
5.591612581128307252e-02
5.441837244133800044e-02
1.063404892661008599e-01
1.318022965551672310e-01
1.702446330504243655e-01
1.812281577633549634e-01
7.688467299051424120e-02
6.167926780740151139e-03
2.327894946279347038e-02
1.979705531237564362e-02
2.566653402307998363e-02
5.352168722642260124e-02
4.188221249502586951e-02
3.093911659371269274e-02
5.869478710704337243e-02
9.560286510147233963e-02
1.469359331476323138e-01
9.938320732192598705e-02
5.471547950656585613e-02
6.088340628730600640e-02
8.465976920015916285e-02
8.386390768006367347e-02
5.640668523676880403e-02
4.218066056506167977e-02
1.541981695185037742e-02
1.454545454545454718e-02
1.054545454545454536e-01
1.236363636363636276e-01
9.818181818181820342e-02
8.363636363636363369e-02
1.381818181818181834e-01
1.054545454545454536e-01
3.272727272727272985e-02
6.545454545454545969e-02
5.090909090909090384e-02
1.454545454545454718e-02
1.454545454545454718e-02
2.545454545454545192e-02
2.545454545454545192e-02
3.272727272727272985e-02
2.181818181818181990e-02
3.272727272727272985e-02
1.454545454545454718e-02
1.503759398496240518e-02
2.756892230576440950e-02
3.508771929824561209e-02
5.513784461152881899e-02
5.012531328320801727e-02
7.017543859649122417e-02
6.265664160401002158e-02
4.761904761904761640e-02
3.258145363408521122e-02
4.511278195488722248e-02
8.771929824561403022e-02
6.766917293233083719e-02
9.523809523809523281e-02
8.521303258145362935e-02
8.020050125313282763e-02
9.273182957393483195e-02
4.761904761904761640e-02
2.506265664160400863e-03
2.000000000000000042e-02
1.600000000000000033e-02
4.400000000000000439e-02
3.200000000000000067e-02
4.799999999999999406e-02
7.199999999999999456e-02
5.999999999999999778e-02
5.999999999999999778e-02
5.600000000000000117e-02
6.799999999999999101e-02
5.600000000000000117e-02
1.039999999999999952e-01
8.000000000000000167e-02
8.000000000000000167e-02
8.000000000000000167e-02
6.400000000000000133e-02
5.199999999999999761e-02
8.000000000000000167e-03
5.714285714285715148e-03
1.142857142857143030e-02
1.142857142857143030e-02
3.428571428571428048e-02
2.857142857142857054e-02
5.714285714285714107e-02
7.428571428571428825e-02
1.028571428571428553e-01
9.714285714285714191e-02
8.000000000000000167e-02
2.000000000000000111e-01
1.485714285714285765e-01
8.000000000000000167e-02
1.714285714285714024e-02
1.142857142857143030e-02
2.857142857142857054e-02
1.142857142857143030e-02
0.000000000000000000e+00
3.636363636363636360e-03
1.939393939393939392e-02
3.030303030303030387e-02
5.212121212121212377e-02
8.242424242424242764e-02
9.818181818181817566e-02
1.527272727272727393e-01
1.078787878787878934e-01
7.030303030303029777e-02
5.939393939393939476e-02
3.151515151515151686e-02
2.666666666666667185e-02
4.969696969696969779e-02
6.666666666666666574e-02
8.363636363636364757e-02
4.121212121212121382e-02
1.939393939393939392e-02
4.848484848484848481e-03
0.000000000000000000e+00
6.153846153846153841e-03
9.230769230769229894e-03
1.230769230769230768e-02
2.153846153846153758e-02
5.846153846153845368e-02
7.076923076923076483e-02
8.923076923076922462e-02
1.138461538461538469e-01
8.615384615384615030e-02
7.384615384615383915e-02
9.846153846153846145e-02
6.769230769230769051e-02
8.615384615384615030e-02
6.153846153846154188e-02
6.153846153846154188e-02
5.538461538461539324e-02
2.769230769230769662e-02
7.272727272727273588e-03
0.000000000000000000e+00
0.000000000000000000e+00
7.272727272727273588e-03
7.272727272727273588e-03
3.272727272727272985e-02
1.090909090909090995e-02
4.727272727272727182e-02
4.000000000000000083e-02
7.636363636363636964e-02
1.018181818181818077e-01
1.345454545454545514e-01
1.127272727272727315e-01
1.745454545454545592e-01
1.490909090909090795e-01
8.000000000000000167e-02
1.454545454545454718e-02
3.636363636363636794e-03
5.107252298263534373e-04
5.107252298263534373e-04
3.575076608784473736e-03
7.660878447395300800e-03
8.682328907048007458e-03
1.174668028600612743e-02
1.072522982635342251e-02
9.703779366700714115e-03
1.378958120531154248e-02
2.502553626149131918e-02
6.843718079673136168e-02
2.037793667007150034e-01
2.104187946884576443e-01
1.506639427987742641e-01
1.302349336057201101e-01
7.507660878447394714e-02
5.720122574055157977e-02
1.225740551583248163e-02
0.000000000000000000e+00
0.000000000000000000e+00
0.000000000000000000e+00
0.000000000000000000e+00
0.000000000000000000e+00
0.000000000000000000e+00
0.000000000000000000e+00
1.333333333333333592e-02
1.333333333333333592e-02
8.000000000000000167e-02
9.333333333333332371e-02
8.000000000000000167e-02
1.733333333333333393e-01
1.733333333333333393e-01
1.466666666666666674e-01
1.199999999999999956e-01
9.333333333333332371e-02
1.333333333333333592e-02
1.602564102564102509e-03
8.012820512820512543e-04
4.006410256410256054e-03
1.602564102564102509e-03
8.814102564102565748e-03
1.121794871794871626e-02
1.362179487179487197e-02
2.724358974358974395e-02
4.887820512820512803e-02
6.330128205128204844e-02
7.371794871794871973e-02
9.054487179487180626e-02
1.105769230769230865e-01
1.530448717948718063e-01
1.410256410256410520e-01
1.458333333333333426e-01
7.451923076923076816e-02
2.964743589743589966e-02
2.666666666666667011e-03
1.333333333333333245e-02
1.600000000000000033e-02
4.533333333333332965e-02
5.066666666666666541e-02
6.933333333333334403e-02
1.039999999999999952e-01
6.133333333333332305e-02
5.333333333333332982e-02
4.266666666666667218e-02
5.866666666666666557e-02
5.066666666666666541e-02
1.173333333333333311e-01
9.600000000000000200e-02
8.266666666666666607e-02
6.133333333333332305e-02
4.266666666666667218e-02
3.200000000000000067e-02
8.888888888888888881e-03
4.444444444444444614e-02
7.555555555555554248e-02
7.111111111111111105e-02
1.511111111111110850e-01
7.111111111111111105e-02
4.444444444444444614e-02
6.222222222222222043e-02
4.888888888888889839e-02
1.777777777777777776e-02
2.666666666666666491e-02
3.555555555555555552e-02
4.444444444444444614e-02
5.777777777777778206e-02
7.555555555555554248e-02
5.777777777777778206e-02
8.444444444444443310e-02
2.222222222222222307e-02
6.285714285714286143e-02
9.714285714285714191e-02
1.257142857142857229e-01
9.714285714285714191e-02
9.142857142857144237e-02
5.142857142857142766e-02
9.714285714285714191e-02
6.857142857142856096e-02
7.428571428571428825e-02
2.857142857142857054e-02
3.428571428571428048e-02
1.714285714285714024e-02
4.571428571428572118e-02
2.285714285714286059e-02
4.571428571428572118e-02
2.285714285714286059e-02
1.714285714285714024e-02
0.000000000000000000e+00
1.250000000000000069e-02
3.125000000000000000e-02
5.624999999999999445e-02
5.624999999999999445e-02
5.624999999999999445e-02
5.000000000000000278e-02
9.375000000000000000e-02
4.374999999999999722e-02
4.374999999999999722e-02
1.250000000000000069e-02
3.749999999999999861e-02
5.624999999999999445e-02
1.124999999999999889e-01
1.000000000000000056e-01
1.375000000000000111e-01
7.499999999999999722e-02
1.874999999999999931e-02
6.250000000000000347e-03
2.870005627462014416e-02
9.060213843556556845e-02
1.885199774901519243e-01
2.791221159257175066e-01
2.290377039954980265e-01
1.125492402926280139e-01
3.489026449071468833e-02
1.519414743950478486e-02
1.012943162633652208e-02
6.190208216094541561e-03
3.376477208778840694e-03
0.000000000000000000e+00
0.000000000000000000e+00
0.000000000000000000e+00
1.125492402926280304e-03
0.000000000000000000e+00
5.627462014631401518e-04
0.000000000000000000e+00
3.465679676985195662e-02
8.445491251682368805e-02
9.421265141318976855e-02
1.292059219380888302e-01
1.389636608344549107e-01
1.483849259757738792e-01
1.140646029609690415e-01
7.705248990578733581e-02
4.744279946164198930e-02
3.936742934051143394e-02
3.129205921938089247e-02
3.230148048452220755e-02
1.379542395693135817e-02
5.047106325706594496e-03
5.720053835800808020e-03
2.018842530282637972e-03
1.682368775235531643e-03
3.364737550471063828e-04
5.063291139240506424e-03
3.734177215189873889e-02
5.696202531645569445e-02
8.670886075949367500e-02
7.974683544303798333e-02
1.341772151898734111e-01
1.620253164556962056e-01
1.234177215189873333e-01
1.196202531645569611e-01
7.025316455696202500e-02
4.240506329113924444e-02
3.037974683544303681e-02
1.329113924050632882e-02
1.645569620253164653e-02
1.202531645569620243e-02
6.329113924050632813e-03
3.164556962025316406e-03
6.329113924050633029e-04
7.165801828514948776e-03
2.310353348159130404e-02
4.237706943414874805e-02
6.288608846058808821e-02
7.697059550284160445e-02
9.982703236965652371e-02
1.077341240425006147e-01
1.078576723498888001e-01
1.251544353842352353e-01
1.113170249567580761e-01
7.314059797380775829e-02
5.473190017296762633e-02
3.632320237212750130e-02
2.162095379293303699e-02
2.100321225599209585e-02
1.371386212008895468e-02
1.284902396837163396e-02
2.223869532987397986e-03
7.254856073016616690e-03
3.931663936344489269e-02
5.218815820266792249e-02
5.125204774163351351e-02
5.686871050783992576e-02
4.961385443482331514e-02
4.306108120758249391e-02
6.084717996723613270e-02
7.091036742335596332e-02
8.939854902878539844e-02
8.354785864732039435e-02
1.048443716358530287e-01
9.805757079335361559e-02
8.588813479990639599e-02
5.827287619939152535e-02
3.065761759887666860e-02
1.521179499180903318e-02
2.808331383103206125e-03
8.676789587852495270e-04
1.258134490238611500e-02
2.342733188720173831e-02
4.511930585683297107e-02
5.813449023861171766e-02
8.633405639913231677e-02
7.028199566160520106e-02
5.292841648590021486e-02
4.989154013015184574e-02
6.767895878524946007e-02
6.811279826464207432e-02
6.811279826464207432e-02
8.937093275488069977e-02
1.462039045553145400e-01
1.071583514099783002e-01
4.121475054229935264e-02
1.171366594360086916e-02
8.676789587852495270e-04
1.212121212121212120e-03
1.818181818181818180e-03
3.030303030303030300e-03
4.848484848484848481e-03
7.272727272727272721e-03
7.272727272727272721e-03
4.848484848484848481e-03
6.060606060606060601e-03
7.272727272727272721e-03
1.333333333333333592e-02
2.848484848484848439e-02
4.484848484848484584e-02
7.575757575757575968e-02
1.327272727272727215e-01
2.163636363636363691e-01
2.436363636363636509e-01
1.587878787878787834e-01
4.242424242424242681e-02
4.333333333333333481e-02
8.533333333333334436e-02
1.179999999999999938e-01
1.213333333333333208e-01
7.066666666666666929e-02
4.933333333333334014e-02
3.666666666666666685e-02
3.799999999999999906e-02
3.133333333333333803e-02
3.066666666666666152e-02
3.600000000000000422e-02
4.199999999999999567e-02
4.333333333333333481e-02
5.266666666666666718e-02
6.933333333333334403e-02
7.000000000000000666e-02
4.266666666666667218e-02
1.933333333333333431e-02
1.126760563380281750e-02
2.704225352112676201e-02
3.718309859154929342e-02
2.929577464788732377e-02
2.985915492957746248e-02
4.507042253521127001e-02
6.253521126760563931e-02
5.633802816901408578e-02
6.309859154929577107e-02
9.915492957746478708e-02
1.064788732394366111e-01
7.267605633802817766e-02
6.929577464788733154e-02
6.704225352112676284e-02
8.507042253521127084e-02
7.887323943661971037e-02
5.070422535211267789e-02
9.014084507042254002e-03
6.988564167725540982e-03
2.064803049555273204e-02
3.811944091486658276e-02
4.606099110546378606e-02
5.876747141041931133e-02
7.020330368487928685e-02
9.752223634053366896e-02
9.275730622617535392e-02
9.656925031766200318e-02
9.688691232528590103e-02
9.339263024142312186e-02
8.513341804320202766e-02
6.257941550190596058e-02
5.273189326556543960e-02
3.589580686149936722e-02
2.509529860228716658e-02
1.493011435832274601e-02
5.717916137229987761e-03
4.573170731707316798e-03
2.896341463414633943e-02
3.506097560975609401e-02
6.097560975609755962e-02
8.384146341463415142e-02
9.451219512195122019e-02
9.298780487804877981e-02
1.128048780487805047e-01
1.006097560975609817e-01
8.231707317073171104e-02
9.298780487804877981e-02
6.707317073170732113e-02
4.115853658536585552e-02
3.201219512195122019e-02
3.658536585365853439e-02
1.981707317073170757e-02
1.067073170731707224e-02
3.048780487804878155e-03
2.923976608187134341e-03
2.923976608187134341e-02
4.093567251461988077e-02
5.847953216374268681e-02
4.970760233918128379e-02
9.356725146198829890e-02
1.140350877192982393e-01
7.017543859649122417e-02
8.771929824561403022e-02
7.894736842105262720e-02
7.894736842105262720e-02
9.356725146198829890e-02
6.432748538011695549e-02
6.140350877192982115e-02
2.923976608187134341e-02
3.216374269005847775e-02
8.771929824561403022e-03
5.847953216374268681e-03
3.389830508474576953e-02
0.000000000000000000e+00
6.779661016949153907e-02
6.779661016949153907e-02
8.474576271186440302e-02
4.237288135593220151e-02
1.016949152542372808e-01
9.322033898305084887e-02
6.779661016949153907e-02
7.627118644067797104e-02
1.101694915254237267e-01
5.932203389830507934e-02
4.237288135593220151e-02
7.627118644067797104e-02
3.389830508474576953e-02
2.542372881355932021e-02
1.694915254237288477e-02
0.000000000000000000e+00
5.586592178770950767e-03
0.000000000000000000e+00
5.027932960893854997e-02
3.910614525139664149e-02
7.262569832402235304e-02
7.821229050279328299e-02
1.173184357541899453e-01
6.703910614525139533e-02
6.145251396648045150e-02
8.938547486033521228e-02
6.145251396648045150e-02
1.117318435754190015e-01
5.586592178770950073e-02
7.262569832402235304e-02
5.586592178770950073e-02
3.351955307262569767e-02
1.117318435754190153e-02
1.675977653631284883e-02
2.222222222222222307e-02
2.222222222222222307e-02
2.962962962962963076e-02
7.407407407407406996e-02
4.444444444444444614e-02
8.888888888888889228e-02
5.185185185185185036e-02
1.111111111111111188e-01
6.666666666666666574e-02
1.037037037037037007e-01
7.407407407407406996e-02
5.185185185185185036e-02
1.111111111111111188e-01
4.444444444444444614e-02
3.703703703703703498e-02
3.703703703703703498e-02
2.962962962962963076e-02
0.000000000000000000e+00
5.586592178770950767e-03
2.234636871508380307e-02
6.703910614525139533e-02
6.145251396648045150e-02
5.027932960893854997e-02
3.351955307262569767e-02
6.703910614525139533e-02
1.005586592178770999e-01
6.703910614525139533e-02
1.117318435754190015e-01
8.379888268156424069e-02
7.821229050279328299e-02
6.703910614525139533e-02
6.145251396648045150e-02
3.910614525139664149e-02
4.469273743016760614e-02
3.351955307262569767e-02
5.586592178770950767e-03
0.000000000000000000e+00
3.370786516853932491e-02
5.617977528089887485e-02
8.988764044943821363e-02
7.865168539325841091e-02
7.865168539325841091e-02
5.617977528089887485e-02
7.865168539325841091e-02
1.123595505617977497e-01
6.741573033707864981e-02
5.617977528089887485e-02
1.011235955056179886e-01
4.494382022471910682e-02
3.370786516853932491e-02
3.370786516853932491e-02
5.617977528089887485e-02
1.123595505617977670e-02
1.123595505617977670e-02
7.407407407407407690e-03
2.962962962962963076e-02
3.333333333333333287e-02
4.074074074074074403e-02
5.185185185185185036e-02
8.148148148148148806e-02
8.148148148148148806e-02
8.148148148148148806e-02
1.000000000000000056e-01
8.518518518518516935e-02
7.407407407407406996e-02
8.148148148148148806e-02
7.777777777777777901e-02
7.407407407407406996e-02
2.592592592592592518e-02
4.444444444444444614e-02
2.592592592592592518e-02
3.703703703703703845e-03
0.000000000000000000e+00
2.923976608187134341e-02
2.923976608187134341e-02
2.923976608187134341e-02
6.432748538011695549e-02
1.052631578947368363e-01
9.941520467836256758e-02
3.508771929824561209e-02
6.432748538011695549e-02
8.771929824561403022e-02
7.017543859649122417e-02
1.286549707602339110e-01
7.602339181286549286e-02
7.602339181286549286e-02
5.263157894736841813e-02
2.923976608187134341e-02
1.754385964912280604e-02
5.847953216374268681e-03
